Time (s),ESC (µs),Servo (µs),Torque (lbf·ft),Thrust (lbf),Voltage (V),Current (A),Motor Optical Speed (RPM),Electrical Power (W),Mechanical Power (W),Motor Efficiency (%),Propeller Mech. Efficiency (lbf/W),Overall Efficiency (lbf/W),319A Temp (ºF),4LHE Temp (ºF),App message,90% settling time (s),Max acceleration (RPM/s),
0,1000,,0.0003363727873777264,0.007256867535480041,12.868384892461671,-0.010339822624647999,0,0.13305681725375368,0,0,0,0,79.5875,76.4375,,
0.04332500000018626,1050,,0.0003251679701746493,0.007132737601704135,12.868379556123621,-0.00811302120963217,0,0.10440143627242796,0,0,0,0,79.5875,76.4375,,
0.06729999999981373,1050,,0.0003358663087622631,0.007000545900867952,12.868385693534478,-0.00759831811578407,0,0.09777808813607958,0,0,0,0,79.5875,76.4375,,
0.09290499999932945,1050,,0.0003572650585504356,0.006879660328128516,12.868385778810667,-0.006584755379090423,0,0.08473517247723425,0,0,0,0,79.5875,76.4375,,
0.11630999999959021,1050,,0.00037421362586764973,0.00676717692918086,12.868405896961711,-0.0060283017697131125,0,0.07757463404204093,0,0,0,0,79.5875,76.4375,,
0.14248499999940395,1050,,0.00042083017569371844,0.006551599452881313,12.868414023900076,-0.005732944088468722,0,0.07377389810628594,0,0,0,0,79.5875,76.4375,,
0.16671999999973924,1050,,0.00032575705222027984,0.006405932068959106,12.867045378980821,0.025564704615682887,0,0.32894221439023213,0,0,0,0,79.5875,76.4375,,
0.19143999999947847,1050,,-0.0005169161394194005,0.0064753034895385,12.865659712323238,0.05753135395946632,0,0.7401788228317138,0,0,0,0,79.5875,76.4375,,
0.21624000000022353,1050,,-0.00028686804194855744,0.006423582394465738,12.8638052320926,0.10019867356329434,0,1.2889362212322444,0,0,0,0,79.5875,76.4375,,
0.24058999999985098,1050,,0.002075445428082797,0.0064824048839501125,12.86249204039375,0.1293647462973149,0,1.6639530195567698,0,0,0,0,79.5875,76.4375,,
0.265839999999851,1050,,0.004652513196818757,0.0065201966708121626,12.861497482621484,0.15056174909563177,0,1.9364495569725555,0,0,0,0,79.5875,76.55,,
0.29108499999996273,1050,,0.007480773527344117,0.0067290451076268895,12.861048532950337,0.15975538804689746,0,2.0546217990714624,0,0,0,0,79.5875,76.55,,
0.31691500000003725,1050,,0.009810579647713051,0.007208654788233337,12.860982751837842,0.1609389681121182,0,2.0698332929885326,0,0,0,0,79.5875,76.55,,
0.3377350000003353,1050,,0.011380651853512372,0.007632272939524406,12.860943301118857,0.160753159767378,0,2.067437273243949,0,0,0,0,79.5875,76.55,,
0.365519999999553,1050,,0.01284661884796616,0.007951113451722284,12.860914259301378,0.1612451109280809,0,2.073759546377588,0,0,0,0,79.5875,76.55,,
0.3913050000006333,1050,,0.013602621365880058,0.008349546810596171,12.86091525110115,0.16063661430143586,0,2.0659338827545897,0,0,0,0,79.5875,76.55,,
0.4185250000003725,1050,,0.014071358320880285,0.008763672538764726,12.86090270489107,0.15945027206753928,0,2.0506744353290327,0,0,0,0,79.5875,76.55,,
0.44337999999988825,1050,,0.014258864532313054,0.009175245079846257,12.860869942783316,0.1606963309123128,0,2.0666946121457253,0,0,0,0,79.5875,76.55,,
0.4703849999997765,1050,,0.014278403206379716,0.00962945674381422,12.860875692231659,0.1602502894132072,0,2.060959051787405,0,0,0,0,79.5875,76.55,,
0.5176100000003353,1050,,0.01402300481485084,0.010793456163574754,12.860839447146773,0.1609061688289298,2,2.069388403364359,0.003610001282929177,0.17444773910301853,0,0.005215771068411821,79.5875,76.55,,
0.5406900000004098,1050,,0.013789258352295069,0.011309680578699705,12.860815803969498,0.16088441319868838,3,2.06910480387805,0.006838994142683597,0.33052913172235215,0,0.0054659776331785455,79.5875,76.55,,
0.5667649999996647,1050,,0.013505882471150343,0.011952897618880102,12.860807627422176,0.15910120559251859,4,2.046169998416327,0.00802036987760932,0.391969869747716,0,0.0058415955800990545,79.5875,76.55,,
0.5916600000001491,1050,,0.013170108371224745,0.012432961094846954,12.860808010559204,0.15942261992845605,4,2.050303707440223,0.008122824843388889,0.39617666465277623,0,0.0060639606950569,79.5875,76.55,,
0.615640000000596,1050,,0.012783305378376011,0.012948422745319868,12.860792997096885,0.15906375059162878,4,2.0456859697007848,0.00795707341504958,0.38896846988755723,0,0.0063296238704779245,79.5875,76.55,,
0.6422450000001118,1050,,0.012399687074426572,0.013287811262212021,12.860772325025632,0.158523672218814,4,2.038736856533158,0.007733182819757529,0.37931245491424986,0,0.006517668633708692,79.5875,76.55,,
0.6659599999999627,1050,,0.012039702536801433,0.013392798403624057,12.860680302826017,0.1612109052414564,4,2.07328191363955,0.007511490191546979,0.36229950891535573,0,0.006459709273262131,79.5875,76.55,,
0.6912649999996647,1050,,0.011710531416372915,0.013651934391412072,12.860688726378356,0.1612998894652581,4,2.07442767001192,0.007306626784550513,0.352223742971406,0,0.0065810606890591775,79.5875,76.55,,
0.7166549999993295,1050,,0.011413981675985141,0.013921463641510538,12.860737237875968,0.16213338343665698,4,2.085154841866637,0.0071505452246742335,0.3429263420203865,0,0.006676465153565287,79.5875,76.55,,
0.7414300000006333,1050,,0.011067269177655163,0.01421807348271581,12.860765438671443,0.16103972134436825,4,2.0710940825189312,0.00696263945024661,0.3361817074856601,0,0.0068650060867458665,79.5875,76.55,,
0.7663100000005215,1050,,0.010715903077064132,0.01436273796100251,12.86078074642411,0.16132036167506378,4,2.074705801436834,0.006748996384788044,0.32529895950134413,0,0.006922782956048814,79.5875,76.55,,
0.792429999999702,1050,,0.010400036071937936,0.014437883256341062,12.860785010097306,0.16127604225132372,4,2.0741365066736437,0.0065520119630124675,0.3158910680146183,0,0.0069609127508659194,79.5875,76.55,,
0.8165149999996647,1050,,0.010068997375292751,0.014542326652415541,12.860833684417129,0.1612637239936787,4,2.0739859336124495,0.00634386902585804,0.3058781124329203,0,0.007011776896232778,79.5875,76.55,,
0.8436899999994785,1050,,0.00979499662626837,0.014681438936033946,12.860738579730942,0.1624518219395462,4,2.089250413765503,0.006171315371473361,0.29538418807110156,0,0.007027132238099337,79.5875,76.55,,
0.8683549999995157,1050,,0.009560081996042587,0.014828827634855473,12.860782461898172,0.160280824529319,4,2.061336817085244,0.00602332361470338,0.2922047267957128,0,0.0071937916753573635,79.5875,76.55,,
0.8938849999997764,1050,,0.0093095964717472,0.015129071009977471,12.860836978063741,0.16139536903647098,245,2.0756795301924895,0.3238972333974775,15.604395027561921,0.04670947896430935,0.00728873161290677,79.5875,76.55,,
0.9169199999999255,1050,,0.00909050151754489,0.015218373981073447,12.86085490152954,0.1617730304360506,317,2.080539471418769,0.4092869760533655,19.672156268886507,0.03718264902494521,0.007314628821098828,79.5875,76.55,,
0.9425999999996275,1050,,0.008848919035047325,0.01518807596093647,12.860886787181094,0.16125199506950375,333,2.0738436527959716,0.41817976226169856,20.164478730009634,0.036319490639127844,0.007323635964774775,79.5875,76.55,,
0.966785000000149,1050,,0.00857288120577603,0.015131656034277562,12.860900800952413,0.16140784692556934,336,2.075850307805059,0.40957145703888276,19.73029825411405,0.03694509413247768,0.007289377262601037,79.5875,76.55,,
0.9934599999999627,1050,,0.008286800779879875,0.015161233157197411,12.86089450068055,0.16083090583308882,337,2.0684293123682433,0.3967575894092521,19.18158803091924,0.03821283716279143,0.00732982899949266,79.5875,76.55,,
1.0200999999996274,1050,,0.008044382512888578,0.015481168216133316,12.860890950741092,0.16135851588595676,337,2.075214276782714,0.38532798684354336,18.568106009801188,0.04017659953264493,0.007460033592354799,79.5875,76.55,,
1.0443349999999627,1050,,0.007885763893403293,0.01597858877372205,12.860907110620364,0.16091980270990938,375,2.0695746349114996,0.4201059822006134,20.29914626483515,0.03803466137288135,0.007720711543415942,79.5875,76.55,,
1.0679550000000746,1050,,0.007746628537734667,0.01643253924655006,12.86094614575877,0.16022262574110394,386,2.060614560988401,0.42504176042601705,20.62694151894861,0.038660999404105174,0.007974581737725844,79.5875,76.55,,
1.0941200000001117,1050,,0.007535412782433314,0.0167205194848926,12.860944287682676,0.1593665772435112,389,2.0496046712474754,0.41606771464754166,20.299900780100458,0.040187014988790584,0.008157924169208589,79.5875,76.55,,
1.1171049999995157,1050,,0.007313877566328752,0.01686930371818874,12.860973754835054,0.1588723334110365,389,2.0432529103687447,0.4044244187845278,19.793164944595212,0.04171188220752935,0.008256101646831545,79.5875,76.55,,
1.1426100000003352,1050,,0.007123502337429495,0.016950703704859363,12.860949596471308,0.1580916705351478,390,2.033209006374484,0.3940120670444168,19.378827548427957,0.04302077302355443,0.008336921414235228,79.5875,76.55,,
1.1674399999994785,1050,,0.0069498184333052025,0.01720349062708501,12.860963050068438,0.15681185938400097,412,2.0167515293501643,0.4063393470154298,20.148210679496053,0.04233774246438347,0.008530297548666447,79.5875,76.55,,
1.191875,1050,,0.0068101863447619405,0.017489482083825735,12.860969121007297,0.1586347705417996,422,2.040196885456163,0.4081244385930975,20.004169279076507,0.04285330754540493,0.008572448183066067,79.5875,76.55,,
1.2171149999992923,1050,,0.006692799520409405,0.017845551630828824,12.860947674526422,0.15776509964046523,425,2.0290086913424705,0.40342835441601593,19.883027418137484,0.04423474809216425,0.008795207091509065,79.5875,76.55,,
1.2416049999995158,1050,,0.006541155952116604,0.018214155778626853,12.860952550945813,0.15693576379926447,425,2.0183434117687797,0.39486773806403896,19.56395208870802,0.04612723203958717,0.00902430957607201,79.5875,76.55,,
1.2695599999995901,1050,,0.006365230118643887,0.018699038806211977,12.860955160733983,0.1581184806576225,425,2.0335546898210666,0.38436733076504775,18.901253685922182,0.048648876503092145,0.009195247563200434,79.5875,76.55,,
1.292074999999255,1050,,0.006268637213894176,0.018970283803213726,12.860873923857671,0.1600678132715774,442,2.058611965753349,0.39343555858795193,19.111691039062535,0.04821700374846253,0.009215084784699361,79.5875,76.55,,
1.3166500000003725,1050,,0.006173064684482658,0.01922272584018573,12.860908645664024,0.15860251226124691,449,2.0397724211647046,0.3936313650166869,19.297807977613722,0.04883433473186477,0.009423956143700387,79.5875,76.55,,
1.341015000000596,1050,,0.006050613889480989,0.019578225880963054,12.86090336323242,0.15908927168523837,452,2.0460317492708784,0.3879127277926204,18.959272158452897,0.05047069734569175,0.00956887687003876,79.5875,76.55,,
1.367574999999255,1050,,0.005976635643461474,0.01990602306113312,12.860885420753792,0.15845145609846276,452,2.0378260216339292,0.38363480339226785,18.82568969674209,0.05188794886468929,0.009768264243270614,79.5875,76.55,,
1.3925849999999627,1050,,0.005865670497238246,0.020119359979464416,12.860837315519316,0.16043819701681591,452,2.0633695510285057,0.3766227316743336,18.25280069130624,0.05342046108056395,0.009750730289412157,79.5875,76.55,,
1.4202000000001862,1050,,0.0058157881814717705,0.0204604504838014,12.860846241389352,0.1597720064502582,462,2.0548032086350387,0.38118284297805155,18.55081992164413,0.053676210408503386,0.009957377133644264,79.5875,76.55,,
1.4470750000001862,1050,,0.005738089119578619,0.02074654881838104,12.860815315520679,0.15829710407035066,471,2.0358298204305365,0.3840680614609553,18.86543057806928,0.054017896566205766,0.010190708776430815,79.5875,76.55,,
1.4730400000000372,1050,,0.005616666120147835,0.02117379466491781,12.86081282283418,0.15749715889236307,474,2.0255414806428553,0.37813003476034,18.66809632752281,0.055996066745498875,0.010453399679673698,79.5875,76.55,,
1.4963149999994785,1050,,0.005497713920461734,0.021766817165718204,12.860815888523028,0.1569344392972202,475,2.0183049303701424,0.37057650652244944,18.360778936138676,0.05873771483783896,0.010784701973515137,79.5875,76.55,,
1.521464999999851,1050,,0.005391176910630914,0.022217819934445507,12.86080978777369,0.1571836264235755,475,2.021508721186083,0.3634968630825349,17.981464006213134,0.06112245301385385,0.010990711888400664,79.5875,76.55,,
1.5443099999995902,1050,,0.005307132233568235,0.022517546406181504,12.860816453538334,0.15647942483123253,487,2.0124531615097303,0.36671551294521615,18.222312944173485,0.06140331022632635,0.011189103347522869,79.5875,76.55,,
1.5669849999994039,1050,,0.005273581496183332,0.02300378884123366,12.860695303807615,0.16088571024055917,492,2.069102098140512,0.368136419216179,17.7920857335663,0.06248713151014068,0.011117764010730552,79.5875,76.55,,
1.5954900000002235,1050,,0.0052506908225496,0.02344828800174802,12.860696132462856,0.16056325532113055,493,2.06495523672411,0.36782632168371104,17.812798802711033,0.0637482600331982,0.011355349299942643,79.5875,76.55,,
1.6194550000000745,1050,,0.005207458720711407,0.023822102668614595,12.860727132783722,0.16161452288315467,494,2.0784802794952832,0.36509979924566194,17.565709083095992,0.06524819437817767,0.011461308006443682,79.475,76.55,,
1.6422949999999255,1050,,0.005156767101157668,0.02409130966010787,12.860730103883098,0.16063251887046262,500,2.0658514710999283,0.366300012872816,17.73118822902528,0.0657693388301154,0.011661685264953172,79.475,76.55,,
1.6669950000001117,1050,,0.005070089987074809,0.024431828640181567,12.860745205076357,0.16211534704186673,506,2.084924172137977,0.3644277062847488,17.47918275181432,0.06704163327552144,0.011718329600029552,79.475,76.55,,
1.692390000000596,1050,,0.004993310103882022,0.024702343591223325,12.860751267756193,0.1615129200314432,509,2.077177491053388,0.36063018839889843,17.361549022756545,0.06849771423988414,0.011892264237225177,79.475,76.55,,
1.716179999999702,1050,,0.004918546258499765,0.025057377276277524,12.860759454930612,0.15873209837595156,509,2.041415334989495,0.3556265210873385,17.42058634477577,0.0704598104766311,0.012274512122446884,79.475,76.55,,
1.741464999999851,1050,,0.004831924218254459,0.025339336340035382,12.860772326339264,0.15801293552473875,509,2.0321683884001907,0.3494607079178708,17.196444443906596,0.07250982947699676,0.012469112542383157,79.475,76.55,,
1.7676949999993667,1050,,0.00473224034805943,0.02542488796087165,12.860806304199132,0.15708947276012133,515,2.020297281596686,0.3458901600311249,17.120755602747735,0.07350567000397985,0.012584726115543645,79.475,76.55,,
1.7936000000005587,1050,,0.004634419309653192,0.02566129669718603,12.860837398683849,0.1573525672322653,520,2.023685781439632,0.3424451669989188,16.921854674262047,0.07493549090522586,0.012680474870427174,79.475,76.55,,
1.8169599999999628,1050,,0.004585060849268217,0.025845294364679434,12.86086877035647,0.15658730839788945,522,2.0138488244085937,0.33981797414981474,16.874055789644935,0.0760562899279868,0.012833780793982593,79.475,76.55,,
1.8423450000006705,1050,,0.004520622653549176,0.025967585185307302,12.860892548901873,0.15663319848247434,522,2.0144427352739225,0.335256648938896,16.642649754613554,0.07745583948147189,0.012890704079397049,79.475,76.55,,
1.8664500000001862,1050,,0.004469673974543473,0.026180413779989736,12.860880989185691,0.15603616825424102,527,2.0067625899263484,0.3341773165269041,16.652558613780467,0.07834288111497835,0.013046094197396114,79.475,76.55,,
1.8911199999991803,1050,,0.004400941464931475,0.026162542571257663,12.8608867060039,0.15559619510134168,530,2.0011050370836343,0.3314551834687612,16.56360747318974,0.07893236816350291,0.013074047631895609,79.475,76.55,,
1.9181949999993666,1050,,0.0043364230309496,0.026244771931719497,12.860904553153178,0.1544578879941438,532,1.9864681549743077,0.32756749690597636,16.48994453224512,0.08012019562262214,0.013211775817296672,79.475,76.55,,
1.9414349999995901,1050,,0.004216596487685191,0.026417245262937164,12.860899838243999,0.15414464768974798,532,1.9824388745392578,0.31874688348296154,16.078522650895962,0.08287844252553855,0.013325629154178509,79.475,76.55,,
1.9670950000006706,1050,,0.00416340852950987,0.026966658966838045,12.860897438499272,0.15428848224446232,532,1.9842883460877458,0.31477260917995226,15.863249401255764,0.08567028445420256,0.013590090885735399,79.475,76.55,,
1.9914949999991804,1050,,0.004100338099702606,0.027593794761674322,12.860876404946856,0.1545384487541052,538,1.9874998892387603,0.3130136645645411,15.749116075897224,0.08815524012366138,0.013883671094061356,79.475,76.55,,
2.0159349999995904,1050,,0.00403271440288188,0.028067340060221352,12.860912289938193,0.15302417463433923,540,1.9680304882124218,0.3090974598231593,15.705928423086323,0.09080417573240243,0.014261638845704645,79.475,76.55,,
2.0413149999994786,1050,,0.00394923595091421,0.028479370413688903,12.860938647261593,0.1531863359158213,541,1.9701200678121826,0.30311936918336146,15.385832271632834,0.09395430747436435,0.01445565215997989,79.475,76.55,,
2.069649999999441,1050,,0.003892352365548723,0.028741575740301412,12.860962503545148,0.15172218237524712,541,1.9512932984840916,0.29885018878778197,15.315493012759834,0.09617385840338633,0.01472950056387217,79.475,76.55,,
2.091614999999292,1050,,0.0038176683842552754,0.028767563139613865,12.860857639770842,0.1529730927882724,545,1.967365169065427,0.29558676199179257,15.024499093485908,0.09732358426935454,0.014622381036297165,79.475,76.55,,
2.1166299999998883,1050,,0.003787843491091821,0.029030345313134857,12.86088281432254,0.15282215948170388,547,1.965427884525904,0.29431235677577594,14.97446734591177,0.09863787450573079,0.014770496308562088,79.475,76.55,,
2.14125,1050,,0.003775565676301591,0.029126771533216984,12.860924923948017,0.15267636919599967,548,1.9635593218907215,0.29371251232069057,14.958168518070197,0.09916762245870842,0.014833660082737234,79.475,76.55,,
2.1661200000001117,1050,,0.0037265287607108743,0.02904578217384662,12.860929580032021,0.15115410859729392,548,1.9439823464023098,0.28997965686269433,14.916784475916359,0.10016489600717,0.0149413816579153,79.475,76.55,,
2.191304999999702,1050,,0.0036762219242285604,0.029154864454523553,12.860979950506398,0.15047876226065734,548,1.935304344411333,0.2860811915962627,14.782232697528555,0.10191115428402187,0.015064743971001455,79.475,76.55,,
2.2208799999998883,1050,,0.003555549881351787,0.029321249227601234,12.860972365025798,0.14859224529395773,553,1.911040760382725,0.2792529538954673,14.61261108002433,0.1049988865599504,0.01534307893136149,79.475,76.55,,
2.243540000000037,1050,,0.003552888800464788,0.02949970988756536,12.861007742412855,0.14784895755870572,555,1.9014865878701839,0.2798212750392636,14.715921575480879,0.10542339885852518,0.015514024698226969,79.475,76.55,,
2.267334999999963,1050,,0.0035838514846477073,0.029728347911767063,12.861022795162958,0.14775857530364192,555,1.9003264051609412,0.28243531243177655,14.862463188678197,0.10525719201258897,0.015643811416307364,79.475,76.55,,
2.2915649999994785,1050,,0.0036262536160692463,0.029961799048877767,12.861025640597594,0.1484924678113981,555,1.9097654359580039,0.28581192440435066,14.965813027241095,0.10483047238606287,0.015688732492871775,79.475,76.55,,
2.3180349999992176,1050,,0.0036373628697376277,0.03021337642187709,12.861041406337613,0.14930587742904947,560,1.9202290718245736,0.2890488510931717,15.052831734211884,0.10452688639865287,0.015734256326600023,79.475,76.55,,
2.3447999999998137,1050,,0.003645138566114275,0.030458135959637322,12.861024734974544,0.1483601081984228,561,1.9080630212234153,0.2903698649126008,15.218043727215097,0.10489427327042011,0.01596285637363703,79.475,76.55,,
2.369014999999665,1050,,0.0036360357441987683,0.03069812934249473,12.860975595000163,0.14991569523958895,561,1.9280620977838356,0.2898030505733315,15.030794438957054,0.10592755763530827,0.015921753442370946,79.475,76.55,,
2.3947800000002606,1050,,0.0036001312135830865,0.030743650835524192,12.86101817874712,0.15085900593614363,561,1.9402004177724628,0.28697219838435994,14.790853344616414,0.10713111238165059,0.015845605718826136,79.475,76.55,,
2.4200599999995904,1050,,0.003607968794947977,0.030902920750050227,12.861010733524296,0.15081856916839667,565,1.939679236889526,0.2892822885180091,14.913924066223588,0.10682617628740995,0.01593197481435447,79.475,76.55,,
2.4432599999997766,1050,,0.003598459784782228,0.030891668069016713,12.861013428468445,0.15160201359848677,566,1.949755532672994,0.2892982617605208,14.837668462153857,0.10678138154382909,0.01584386737278091,79.475,76.55,,
2.4672450000001116,1050,,0.003531320823425039,0.031089147142443204,12.86103462663386,0.15088603701713524,567,1.9405505467529347,0.2840843336458827,14.639367890789165,0.10943633090727382,0.016020787087697226,79.475,76.55,,
2.4934049999993295,1050,,0.0035599391944656582,0.03134967255697675,12.861076575520626,0.15072021509412278,567,1.9384242278044528,0.286433581790425,14.77661998245104,0.10944831384999537,0.016172761414814142,79.475,76.55,,
2.5169249999998136,1050,,0.0035357396902371756,0.03160003913754171,12.861100447804557,0.14994380291381734,570,1.9284423108004143,0.28602344541954755,14.831838308963018,0.11048059046764454,0.01638630254094865,79.475,76.55,,
2.5496749999998136,1050,,0.0034536512268558335,0.031735234419923514,12.86108803865376,0.15019443011036723,571,1.9316637885648622,0.28000104505288076,14.495330228295511,0.1133396999069415,0.01642896378127031,79.475,76.55,,
2.595910000000149,1050,,0.003456182334002133,0.032017392071389046,12.861111037013803,0.1493014941807602,572,1.920183094650827,0.2804908540191321,14.607505648836971,0.11414772215426733,0.01667413496170333,79.475,76.55,,
2.621519999999553,1050,,0.0034582649529408607,0.032274769218447893,12.861126268996866,0.14938060905159353,574,1.9212028751522006,0.28191770184118126,14.674020400830774,0.11448294664600354,0.016799250946306767,79.475,76.55,,
2.6427649999996645,1050,,0.0034459074126248776,0.0323020506770282,12.861147949531345,0.14968364256348313,575,1.9251034726337237,0.2814325434549165,14.61908658187033,0.11477724033078203,0.016779384140238416,79.475,76.55,,
2.667160000000149,1050,,0.003480831640405035,0.03226634526048478,12.861145230024382,0.14790734761692723,576,1.9022578782890018,0.28447125537614687,14.954400169550954,0.11342567887156144,0.016962129913483105,79.475,76.55,,
2.6920949999997394,1050,,0.003527375161898126,0.0323826563987233,12.861133876382267,0.1483094989068943,576,1.907428320580737,0.2883174431757735,15.115506048897931,0.11231598075382877,0.016977128864724026,79.475,76.55,,
2.717855000000447,1050,,0.0035118709888500932,0.03255703873101154,12.861153919424055,0.14722843868727906,577,1.8935276112735833,0.2878318520254487,15.200826769663713,0.11311131308752098,0.017193854759326024,79.475,76.55,,
2.742589999999851,1050,,0.0035433639032698703,0.03251089063159121,12.861074719941227,0.14883718605505,579,1.9142061709597924,0.29113230856769134,15.20903615213591,0.1116705005759678,0.01698400680387008,79.475,76.55,,
2.7670250000003724,1050,,0.003585656850783992,0.03256560473908895,12.861118816194377,0.14948647571284993,579,1.922563325557118,0.2949048784126935,15.33915031523013,0.1104274873795619,0.016938638278482777,79.475,76.55,,
2.792165000000037,1050,,0.0035743962644422733,0.03257493545821794,12.861121937034797,0.14969345164694828,579,1.925225734807024,0.2940481417175063,15.273437104090048,0.11078096011065039,0.016920060265807273,79.475,76.55,,
2.817320000000298,1050,,0.0035763522149628024,0.03278736818756515,12.861130055683399,0.1507212749443896,581,1.9384459192182104,0.29508923820823013,15.222980186480612,0.11111000993004257,0.016914254796847022,79.475,76.55,,
2.8417599999997765,1050,,0.0035926573851782044,0.03304721545910169,12.861138552564848,0.15087488250678313,583,1.9404227680216803,0.29723690984129475,15.318152040873894,0.11118139896134287,0.01703093573406909,79.475,76.55,,
2.8698799999998883,1050,,0.003610803864268764,0.033150175546310175,12.861137045005803,0.1528440796094319,583,1.9657486543746805,0.299066866647879,15.213891459740788,0.11084536350641996,0.016863893292021863,79.475,76.55,,
2.8929400000004097,1050,,0.003609365972518499,0.03312448446868329,12.861121968185214,0.15143010590449377,584,1.9475610616928984,0.2990251897496804,15.353828726158433,0.11077489657781814,0.017008187892137334,79.475,76.55,,
2.9180800000000744,1050,,0.0035669135400612194,0.033075608142884086,12.861033654165684,0.15200065771328844,584,1.9548855743059215,0.2955271588760506,15.117363530649458,0.11192070559158522,0.016919459930347852,79.475,76.55,,
2.9418849999997763,1050,,0.0035616180075936582,0.03298696674534167,12.861058563187289,0.150946187609895,586,1.9413277587407152,0.2962288362703627,15.25908414674491,0.11135636611432068,0.01699196160814153,79.475,76.55,,
2.9667050000000743,1050,,0.0035452359475987255,0.03285953357742089,12.86083239166824,0.15590297943143402,587,2.005042087829374,0.2953925642535822,14.732486966065107,0.1112402191316243,0.01638845078458881,79.475,76.55,,
2.9918499999996273,1050,,0.0036240284688544315,0.03297377540046991,12.860888058764726,0.15455377796560862,587,1.9876988374748707,0.3020861351204426,15.197781948909636,0.1091535544566558,0.016588919195806885,79.475,76.55,,
3.01625,1050,,0.003682293976418795,0.03315211654061364,12.860894475670479,0.15274898286951857,587,1.964488549950876,0.3069760436944965,15.626257719963435,0.10799577759105763,0.016875698533057187,79.475,76.4375,,
3.0430400000000373,1050,,0.0037327525830534378,0.03327670539498387,12.860956342195447,0.15187321189857408,590,1.9532347477765595,0.3124845363447669,15.998309302068265,0.10649072681878054,0.017036715854489067,79.475,76.4375,,
3.0696650000000374,1050,,0.003689466135329532,0.0333793229972487,12.860997490250082,0.15199055706756368,591,1.9547501729876482,0.3094528622049983,15.8308139055964,0.10786561403699811,0.01707600462632604,79.475,76.4375,,
3.0941200000001117,1050,,0.0036443036661186366,0.03349354079818325,12.861038527900439,0.1513429562611812,591,1.9464275914014022,0.30581403558970255,15.711554693361107,0.10952257548806583,0.017207699349385167,79.475,76.4375,,
3.118639999999665,1050,,0.0035452098549171094,0.0335749259199771,12.86106708968028,0.15028459462846686,591,1.9328202540621169,0.29752826293196116,15.393478121240713,0.11284617329834988,0.01737095099733887,79.475,76.4375,,
3.1431150000002237,1050,,0.0034870752070794053,0.033642760415573195,12.86108281176407,0.15029056486111989,594,1.9328994005056621,0.2940736036439488,15.214118415423833,0.11440251691650076,0.01740533439390171,79.475,76.4375,,
3.1687900000000373,1050,,0.0034401342216282458,0.033847597858154735,12.86110579982183,0.1495761285687738,595,1.9237144146507525,0.29050620437846414,15.101316607392846,0.1165124783843134,0.01759491824793532,79.475,76.4375,,
3.1968700000001116,1050,,0.003390214561346579,0.034016614001185934,12.861147400246212,0.1488781927403582,595,1.9147443815160126,0.2863997532889133,14.957597267482475,0.11877319589333156,0.01776561630344257,79.475,76.4375,,1.1230049999989569,124,
3.242089999999851,1050,,0.003326037864981197,0.03384064116835421,12.861172331087316,0.147705587292798,597,1.899667012437136,0.281788819847676,14.833590203062021,0.12009220659161401,0.01781398579161466,79.475,76.4375,,
3.2669099999992177,1145,,0.003301937313847439,0.03369629818633599,12.861203066414904,0.14780634556144315,597,1.9009674247704136,0.2799651265988303,14.727507844204258,0.12035891253920468,0.017725868285410312,79.475,76.4375,,
3.2942299999995157,1145,,0.0032853199435741915,0.033687275363748326,12.86122212840133,0.1471903409764226,597,1.8930476704529036,0.27861741639905413,14.717929228501472,0.12090872063611129,0.017795259934309415,79.475,76.4375,,
3.3180299999993292,1145,,0.003275528540681351,0.033617137275539825,12.8612261115399,0.14776125991676523,597,1.9003909743155347,0.27780073347259715,14.61808318536415,0.12101169372490475,0.017689590052724666,79.475,76.4375,,
3.3443449999997394,1145,,0.004422697582841513,0.03355304147425899,12.85413946178308,0.31884873540875025,599,4.0985261121572485,0.37607460332712084,9.175849879584517,0.08921911019094678,0.008186611615022366,79.475,76.4375,,
3.3702749999994412,1145,,0.008384484115753743,0.034452899225119744,12.849481066037471,0.43031528757988746,600,5.529328140184234,0.713818755991631,12.909683380951362,0.04826561215424785,0.006230937710991375,79.475,76.4375,,
3.3942550000008196,1145,,0.013060919783608686,0.036213494309431285,12.847372791826622,0.4774672890409928,600,6.134200258212468,1.1122861658336027,18.132537560124057,0.032557713492994036,0.005903539627834721,79.475,76.4375,,
3.4181349999997765,1145,,0.017130759484231886,0.038389740748472116,12.845851784534311,0.5105002468023825,649,6.557810506391591,1.5791788328587821,24.080885400998252,0.02430993877936883,0.0058540484985126415,79.475,76.4375,,
3.4429550000000746,1145,,0.02066429355902996,0.04093892084635084,12.844454506164919,0.5414280411224651,663,6.954347842559492,1.945479785542848,27.975014042824032,0.02104309751793573,0.005886809485687676,79.475,76.4375,,
3.466574999999255,1145,,0.02330743563253391,0.04387012541065031,12.843516551330818,0.5619997872639325,667,7.218053569568716,2.207275448897883,30.57992612030128,0.01987523824113349,0.006077833170372491,79.475,76.4375,,
3.492804999999702,1145,,0.025461822598889794,0.04751059692351265,12.842414591913734,0.5866626903419476,755,7.534165494978796,2.727908075748177,36.20716956066617,0.017416494839358556,0.006306019818011226,79.475,76.4375,,
3.5164049999993297,1145,,0.026905441714500503,0.05076636193955154,12.841753217360372,0.6021669385358507,795,7.732879220330806,3.037008733765238,39.27397088759027,0.01671590910330118,0.006565001274826557,79.475,76.4375,,
3.539484999999404,1145,,0.02774984166977336,0.05410717245258453,12.841232686918195,0.6143694539289205,847,7.889261113636136,3.3386264368917438,42.318620068501964,0.016206417062628375,0.006858332063450578,79.475,76.4375,,
3.5680449999999255,1145,,0.028591953989584137,0.05878764404857327,12.84055566042265,0.628066190327303,894,8.06471887532734,3.631007635783055,45.0233627720306,0.01619044902831642,0.007289484600439606,79.475,76.4375,,
3.592360000000335,1145,,0.02890371458483358,0.06228169867181486,12.840139361288568,0.6352856249788801,908,8.157155958952126,3.7267612347033645,45.68701706154588,0.01671201741926787,0.007635222249669431,79.475,76.4375,,
3.616660000000149,1145,,0.029016328845688538,0.06610563637141711,12.839839665860652,0.6403010246271862,963,8.221362494099363,3.966677688918354,48.24842222642924,0.016665240172171136,0.008040715443317631,79.475,76.4375,,
3.6420950000006704,1145,,0.029060759173671884,0.06986065824295178,12.839546810238456,0.6448601874763543,978,8.279712563161798,4.03468632443608,48.729787340532305,0.017315015995132174,0.008437570472407062,79.475,76.4375,,
3.6668499999996276,1145,,0.028903485722939694,0.07357715395578274,12.839170802325361,0.6526945975055577,1017,8.38005741912886,4.17501867072317,49.82088381868366,0.017623191597137978,0.008780029810754132,79.475,76.4375,,
3.6926399999996646,1145,,0.02873340215532107,0.07711430033711798,12.839090560830076,0.6507601712414942,1035,8.355168771950833,4.220950507778336,50.51903346283685,0.01826941590407476,0.009229532334044367,79.475,76.4375,,
3.717340000000782,1145,,0.028376577959562586,0.08116585457178309,12.83895240402443,0.652042590632887,1074,8.371543786532422,4.325130453602263,51.664669789582206,0.01876610554120573,0.00969544646022843,79.475,76.4375,,
3.741695000000298,1145,,0.027922838694466396,0.08519921233598415,12.838893316361624,0.6523314874844911,1084,8.375214374716869,4.297731875474718,51.31488799198656,0.019824227011968548,0.010172779886468803,79.475,76.4375,,
3.766870000000112,1145,,0.02744739002777832,0.08951356025095088,12.83886429528329,0.6542713080004982,1112,8.400100535715893,4.33404564623877,51.595163984182044,0.020653580409018935,0.010656248680638218,79.475,76.4375,,
3.7912999999998136,1145,,0.026938146813916253,0.0933427378099374,12.838835004761942,0.6535292408211472,1123,8.39055409369004,4.296584063870874,51.20739364641055,0.02172487176378976,0.011124740603261716,79.475,76.4375,,
3.8163600000003353,1145,,0.026420500291813746,0.09720621859940823,12.838805602098251,0.6510970323678013,1149,8.359308226673273,4.308376598116326,51.53987006208188,0.022562145250233683,0.01162850034518862,79.475,76.4375,,
3.843339999999851,1145,,0.025927566382722103,0.10090623188322291,12.838765277358872,0.6489807034560864,1159,8.332110921207937,4.267657544788264,51.21940388390276,0.023644406990071476,0.012110524312198445,79.475,76.4375,,
3.8674900000002235,1145,,0.0254574876087078,0.10473687937789826,12.838774644284271,0.6474116246552367,1181,8.311971951038538,4.267472777708943,51.3412798171888,0.024543069126296297,0.012600725795857855,79.475,76.4375,,
3.8915600000005215,1145,,0.02499258831125088,0.10828043313384178,12.838811366121892,0.6452842891345586,1189,8.284683265720655,4.219426184520735,50.93044657457646,0.025662359856199465,0.013069954476337227,79.475,76.4375,,
3.916445000000298,1145,,0.024533008178142794,0.112062347333482,12.838847460536744,0.6455933291041754,1208,8.288674273908605,4.209429662226303,50.7853188956514,0.026621741263212827,0.01351993619609785,79.475,76.4375,,
3.941554999999702,1145,,0.02406504274181555,0.11545447715112031,12.838821604772399,0.6441025249080706,1216,8.269517412478189,4.155171243529992,50.2468407317227,0.02778573261713202,0.013961452814272652,79.475,76.4375,,
3.9665799999991433,1145,,0.023616799478153663,0.1187566841321257,12.83882614697695,0.6419738004891281,1233,8.242190015393982,4.135620397049469,50.17623215826556,0.02871556688734098,0.014408389506954245,79.475,76.4375,,
3.992125,1145,,0.023200551384313862,0.12191644363964216,12.83876131166425,0.6414622896394503,1241,8.235581227114542,4.087105518941753,49.62740826944319,0.02982953170027506,0.01480362348175848,79.475,76.4375,,
4.017449999999255,1145,,0.02286720825824425,0.12507639994682707,12.838849687803467,0.6387520794658555,1256,8.200841936034015,4.077153585577172,49.71628056458934,0.03067738247322389,0.015251653540260146,79.475,76.4375,,
4.041770000000485,1145,,0.022504195226187195,0.1280520850120263,12.838875509441488,0.6368357369983395,1262,8.176254747285101,4.0335031879682495,49.33191678387419,0.03174711387212973,0.01566145979668082,79.475,76.4375,,
4.067009999999777,1145,,0.022177049907276446,0.13078186088444954,12.838949097325333,0.6337516790475403,1278,8.136705547635831,4.023974527356405,49.454591957375115,0.03250066818150764,0.01607307283258505,79.475,76.4375,,
4.091480000000447,1145,,0.021824601920175983,0.1336349007311945,12.839032864554227,0.6310255726864205,1282,8.101758066095105,3.9731166805941336,49.040179281841986,0.03363477880826066,0.016494555828622023,79.475,76.4375,,
4.117019999999553,1145,,0.021487051950391637,0.13612775001914482,12.839049695658657,0.6305930813696724,1296,8.096215909443748,3.9527901951193227,48.82268752873341,0.03443839498165815,0.016813749971805965,79.475,76.4375,,
4.141939999999479,1145,,0.021174157835797475,0.13874991010867102,12.839068947840177,0.6290111498918486,1306,8.075917522421676,3.9252678194545405,48.60460509355839,0.035347883632549655,0.01718069924853132,79.475,76.4375,,
4.17019000000041,1145,,0.02085227922317141,0.1413213541403925,12.838984120030577,0.6310512193114763,1313,8.102056583665979,3.888150214623478,47.989669961847966,0.036346680642346994,0.01744265208234921,79.475,76.4375,,
4.192155000000261,1145,,0.020632760088739616,0.14365053128864702,12.83901937534268,0.6298196573952043,1321,8.086266784268716,3.870044386547531,47.85946951535707,0.037118574605496384,0.017764752897852617,79.475,76.4375,,
4.217399999999441,1145,,0.020379897629953278,0.14610706343689647,12.839073793145293,0.6282838858329143,1328,8.066583173252859,3.841864204507551,47.62690871701897,0.03803025189320153,0.01811263335402747,79.475,76.4375,,
4.242875,1145,,0.02013274961221474,0.1484660900114898,12.839120591618682,0.6262108869020675,1338,8.039997092720133,3.823423296494855,47.55503332155179,0.03883067044854723,0.0184659382707886,79.475,76.4375,,
4.269629999999888,1145,,0.01991837573294924,0.15083102222079928,12.839182918326221,0.6233059636620443,1347,8.002739281540583,3.8084179407188627,47.588929324531435,0.03960464018618949,0.01884742422744069,79.475,76.4375,,
4.294229999999516,1145,,0.01967655132897252,0.15315325542410044,12.839249313338039,0.6210573154068478,1352,7.973909710380937,3.777552285117256,47.37390342154741,0.04054298759212185,0.019206795786101755,79.475,76.4375,,
4.317975000000559,1145,,0.01943890436792377,0.15509713634429673,12.83930618172396,0.6197967474310736,1359,7.957760210704188,3.7495948219530533,47.1187208796437,0.04136370560259928,0.019490048988366298,79.475,76.4375,,
4.348194999999366,1145,,0.019175593029161334,0.15755995490222843,12.839370576515384,0.6178962618451115,1363,7.9333990836729695,3.7108524363469977,46.77506321324458,0.042459234799789594,0.01986033391746152,79.475,76.4375,,
4.3959500000001865,1145,,0.018782975725207686,0.1618171180567745,12.839388548501883,0.6164784648683433,1377,7.915206542228629,3.673383088979871,46.40918805317217,0.04405125034255887,0.020443827611251797,79.475,76.4375,,
4.419454999999143,1145,,0.01862340463261307,0.16349907480136372,12.839405622948343,0.6155075929151955,1382,7.902751649442761,3.6530156219036556,46.22460358046601,0.044757288696225514,0.020688879273194974,79.475,76.4375,,
4.4432649999996645,1145,,0.018467155519656588,0.165108557983122,12.83946981466604,0.613163207814976,1383,7.872690498204185,3.626144658873488,46.05978934013265,0.0455328106061867,0.020972316645851172,79.475,76.4375,,
4.467865000000224,1145,,0.018285792993956395,0.16673446255731447,12.839458523589112,0.6123656394555578,1389,7.862443229060759,3.6068290682836945,45.874150861303754,0.04622743673202536,0.021206444065763063,79.475,76.4375,,
4.494914999999106,1145,,0.018111742525802336,0.1685607562701502,12.83945182156912,0.6103777760836373,1394,7.836916048982366,3.5845028975182958,45.73869204562614,0.04702486260698854,0.021508557092689288,79.475,76.4375,,
4.518784999999218,1145,,0.017996282258955106,0.17000025246009023,12.839469517359454,0.6097268110356182,1397,7.828568804208608,3.570785507272815,45.61223892358428,0.047608643004134914,0.02171536799532231,79.475,76.4375,,
4.543080000000074,1145,,0.017859630264090313,0.17144552153841994,12.839403392314715,0.6110156302807278,1402,7.845076156183691,3.556333123096184,45.33204078959757,0.048208510171611124,0.02185390149505205,79.475,76.4375,,
4.5682649999996645,1145,,0.01772668395885814,0.17271281163611776,12.839426474100359,0.6090123706941867,1405,7.8193695553455616,3.5352256889492537,45.211134528517896,0.04885481913531008,0.022087818002929145,79.475,76.4375,,
4.592179999999702,1145,,0.017594566778786024,0.17399692157209695,12.839457228707285,0.6084949833095353,1409,7.812745312085732,3.520286795329688,45.05825615336606,0.049426916523658264,0.022270906655940358,79.475,76.4375,,
4.6174199999999255,1145,,0.0174826126639843,0.1751763533816691,12.839460065020129,0.6083541629377612,1414,7.8109389804281335,3.5092646261785347,44.927564214388276,0.04991825126976245,0.022427054393922216,79.475,76.4375,,
4.644455000000074,1145,,0.017325371765474936,0.1762715488352702,12.839462637581606,0.6082264375831622,1417,7.809300620538372,3.4846862389377558,44.62225759081512,0.05058462563016962,0.022572001950043774,79.475,76.4375,,
4.669849999999627,1145,,0.017218212422959796,0.1773121340360226,12.839469673301242,0.607690563530579,1421,7.802424561202211,3.4737743786929656,44.521729770594796,0.05104307727168443,0.022725260929495235,79.475,76.4375,,
4.692620000000112,1145,,0.017128302754529263,0.17832203465609806,12.839477471162507,0.6071916303098639,1423,7.796023258041931,3.4599495247012584,44.38095436839767,0.051538912167077025,0.022873461090839004,79.475,76.4375,,
4.71740499999933,1145,,0.017042942455275403,0.17950674637516967,12.839482557165285,0.605510184130238,1426,7.7744374473261315,3.450943088951404,44.38833179033796,0.05201672173322168,0.023089355029399274,79.475,76.4375,,
4.742894999999553,1145,,0.016978856980815867,0.18083461183185487,12.839497876566389,0.604699417779291,1429,7.764036890538139,3.4460467662295375,44.384729423802185,0.05247595987494781,0.02329131280303859,79.475,76.4375,,
4.767640000000596,1145,,0.01690245148645911,0.18179193510996214,12.83954403247717,0.6028571326430143,1432,7.740410699862912,3.4361065412252327,44.39178584265675,0.052906373224719486,0.023486083899034168,79.475,76.4375,,
4.792339999999851,1145,,0.01681405057402223,0.18278787764192067,12.839562396410749,0.602174808618413,1435,7.731661028802814,3.4253311830075877,44.30265592667831,0.05336356336832372,0.023641475869283408,79.475,76.4375,,
4.817650000000373,1145,,0.016731378243856607,0.18351445206338934,12.839492427253138,0.6019966714398393,1436,7.729331704183411,3.411531049185731,44.13746465738143,0.053792402712322024,0.023742602735507424,79.475,76.4375,,
4.843694999999367,1145,,0.016625076161112067,0.18433688400783085,12.83952000037851,0.6001917375790097,1439,7.706173818707625,3.396734389402883,44.07809205077777,0.054268854398190285,0.02392067559653687,79.475,76.4375,,
4.869775000000373,1145,,0.016519071906320425,0.18538342104966649,12.839547761832241,0.5988313698340866,1441,7.688723974268181,3.38027499655394,43.964057077178104,0.054842703992621235,0.024111077685983834,79.475,76.4375,,
4.8922549999998886,1145,,0.016453889646213714,0.18620451685834583,12.839533517772457,0.5983297029625914,1443,7.68227427586703,3.370957992846068,43.879688120945374,0.05523786331764257,0.02423820214845565,79.475,76.4375,,
4.917995000000111,1145,,0.016382667237109003,0.18701354838616221,12.839534128879588,0.5988615738361277,1445,7.689103615743505,3.3618827425261624,43.72268746180867,0.055627623777751926,0.02432189208677724,79.475,76.4375,,
4.943080000000075,1145,,0.01628223001795617,0.1877715503451094,12.839541729773062,0.5980527826539901,1446,7.678723659492805,3.3433555527530583,43.54051143147784,0.05616260292462478,0.02445348454661176,79.475,76.4375,,
4.969875,1145,,0.016165770890555,0.18858894135962592,12.83952975500441,0.5966308031449641,1449,7.660458949731945,3.3248855775713357,43.40321643114712,0.056720430510989434,0.02461849121536315,79.475,76.4375,,
4.996450000000186,1145,,0.016107178372970946,0.1893407738944095,12.839512993324396,0.598277277017466,1450,7.681588871876494,3.3169352503140836,43.18032773737613,0.05708304793603693,0.024648647181264267,79.475,76.4375,,
5.0182099999999625,1145,,0.016011120613132136,0.18998716854412032,12.839476849260375,0.5989680363358959,1452,7.690436235981683,3.3001224790763035,42.91203226724424,0.05756973256256152,0.024704342213412615,79.475,76.4375,,
5.04215500000026,1145,,0.015984295956786538,0.19067305354464495,12.839497318511697,0.5976607502337968,1454,7.673663600006523,3.298725386461144,42.98762049535687,0.057802039032172375,0.02484772117772831,79.475,76.4375,,
5.067290000000037,1145,,0.016040038783094346,0.1916587531266533,12.839435701701968,0.5983156947736176,1454,7.682035892365003,3.312002113580641,43.11359853020685,0.05786794408758663,0.024948953091606673,79.475,76.4375,,
5.092084999999963,1145,,0.01610367126609723,0.19237674817987785,12.83944340378803,0.5975864438529581,1456,7.6726773247210085,3.329877436864389,43.39915906714439,0.057772921624716395,0.025072962153647325,79.475,76.4375,,
5.11699499999918,1145,,0.016112674244097923,0.19313091254732742,12.839453446371223,0.5976088650988602,1459,7.672971202575557,3.33673674732383,43.48689261604162,0.057880176703248944,0.025170290288917013,79.475,76.4375,,
5.193359999999404,1145,,0.016099171533641227,0.19515188974279127,12.839314675796917,0.5952712015293918,1464,7.642874273875584,3.345914132099624,43.778217620776886,0.058325432763072664,0.02553383488327785,79.475,76.4375,,
5.270120000000111,1145,,0.016001227641331123,0.1967804091017374,12.839249906080884,0.5951845494030444,1467,7.641723170023831,3.3324189129183392,43.608212948493225,0.05905032177644453,0.0257507900670424,79.475,76.4375,,
5.295509999999776,1145,,0.015973887365359908,0.19712434316624206,12.839299271987588,0.5952054309852574,1468,7.642020656732074,3.3294003483091883,43.56701581768462,0.059207161213384936,0.025794793291037448,79.475,76.4375,,
5.321035000000149,1145,,0.01594546594380051,0.19747386122798605,12.839265601689467,0.594736474839006,1469,7.635979563470504,3.3254109824472025,43.549238899950964,0.05938329495822592,0.02586097298802034,79.475,76.4375,,
5.372475000000559,1145,,0.01581514939338235,0.19820766238400087,12.839286755977831,0.5918303966600102,1470,7.598680173621976,3.3014894897137768,43.44819645357035,0.060035830191658285,0.02608448544420359,79.475,76.4375,,
5.418979999999515,1145,,0.01572330748520442,0.19852669866582343,12.839297138598349,0.5907409588447493,1472,7.584698702548235,3.2852725333672494,43.31447645063996,0.0604292936581255,0.026174632170836834,79.475,76.4375,,
5.442804999999702,1145,,0.015665449346650654,0.1986383709987489,12.839262466727332,0.5910373135899303,1472,7.588483196810544,3.2745600571736238,43.15170729441594,0.06066108653698046,0.02617629450405017,79.475,76.4375,,
5.468530000000261,1145,,0.015586035124038972,0.19886082230030527,12.839245305944615,0.5904538904187445,1473,7.580982340935602,3.2589174552732625,42.98806287512161,0.06102051525684644,0.026231537465336317,79.475,76.4375,,
5.495179999999702,1145,,0.015540247908300282,0.19908416991630515,12.839101212141653,0.5930798719861753,1473,7.614612503314519,3.2508086483798193,42.6917147387972,0.061241429887153566,0.026145016549384097,79.475,76.4375,,
5.518549999999814,1145,,0.015514334838466662,0.1993033032858793,12.838965663032834,0.596328536485336,1474,7.656241603821852,3.2459334700637092,42.395912224653415,0.0614009206054268,0.02603148040500588,79.475,76.4375,,
5.543090000000782,1145,,0.01553093667116957,0.19955787908978387,12.839001925181275,0.5958925389922446,1475,7.650665455322587,3.251903216867579,42.504841387427575,0.061366487801567955,0.026083728305091546,79.475,76.4375,,
5.5684900000002235,1145,,0.015535190153179085,0.19963286178953676,12.838994448284414,0.5945068372878811,1476,7.632869983406231,3.255005689632915,42.644584497171564,0.06133103313009891,0.026154364246153316,79.475,76.4375,,
5.593365000000223,1145,,0.015525904080921731,0.19950079113577754,12.839027150012498,0.5942367574047633,1477,7.629421861855147,3.254848905996184,42.66180275427507,0.061293410814938595,0.026148874023236613,79.475,76.4375,,
5.618079999999143,1145,,0.01549654465350857,0.19960980954947424,12.839023220450894,0.5937326077173845,1477,7.62294673722236,3.2505434095182557,42.64156003669894,0.06140813531822891,0.02618538688913991,79.475,76.4375,,
5.642640000000596,1145,,0.01547482303855123,0.19985682144882277,12.83903554744063,0.5944272527749579,1478,7.631872628745161,3.2472173616411117,42.54810738599842,0.06154710300877952,0.026187127481146575,79.475,76.4375,,
5.668639999999665,1145,,0.015476398602484433,0.20020683259164965,12.839047916868509,0.5940176228637152,1478,7.626620723411566,3.2481551697635087,42.589703717566444,0.061637090018155226,0.026251054018862033,79.475,76.4375,,
5.693084999999963,1145,,0.015511553211632929,0.2004632200157167,12.83905168735957,0.593659126537369,1479,7.622020210286015,3.2564513596786457,42.72425511656375,0.061558794489563286,0.026300536404402206,79.475,76.4375,,
5.7181299999998885,1145,,0.015520103334585691,0.2007303096614817,12.839088408874389,0.5932266988679814,1479,7.6164900332707175,3.2585914481388465,42.783374413995304,0.06160033034399859,0.02635469997133088,79.475,76.4375,,
5.743064999999478,1145,,0.015536155165098854,0.2008693693893702,12.839079149583162,0.5932005506327296,1479,7.616148821149929,3.2630084472853396,42.84328633684277,0.06155956156242363,0.026374139227894156,79.475,76.325,,
5.767570000000298,1145,,0.015545135181108134,0.2010366262728084,12.838960047360562,0.5963423246267535,1480,7.656415280433011,3.2656469979707587,42.65242777931017,0.061561040246459774,0.026257278231313325,79.475,76.325,,
5.792794999999925,1145,,0.015560114196770357,0.20123610704258957,12.838985554219462,0.5968352612064934,1480,7.662759296878969,3.2693628864620394,42.66560855948648,0.061552086455706485,0.026261572267388428,79.475,76.325,,
5.816790000000037,1145,,0.015552328581213661,0.2014167716969067,12.838979012781255,0.5956067569235749,1480,7.646982652012484,3.268973219746349,42.748537148649625,0.061614690044030196,0.02633937866249757,79.475,76.325,,
5.917324999999255,1145,,0.01540388016073767,0.20227863194980455,12.838927841047312,0.5958341692714615,1483,7.649871904506663,3.242394426268675,42.38495058144082,0.062385572313787066,0.02644209399514768,79.475,76.325,,
5.942950000000186,1145,,0.015369356861357843,0.20268730927879589,12.838925773062849,0.595347060285569,1483,7.643616716217594,3.236134152987434,42.3377345193313,0.06263254231648131,0.026517199488659694,79.475,76.325,,
5.9668349999990316,1145,,0.015388884329016776,0.20306721199441413,12.838902100692092,0.594983533282457,1483,7.63893533533734,3.240714855470944,42.423645615633845,0.06266124020494984,0.026583182482908998,79.475,76.325,,
5.992564999999479,1145,,0.015419824039722646,0.20320766040263485,12.838902156204368,0.5942222557152572,1483,7.629161400167239,3.2475142735961335,42.567119808540745,0.06257329245780742,0.026635648368663473,79.475,76.325,,
6.017679999999702,1145,,0.015453285422246122,0.20346908679883938,12.838903794266836,0.5941145363642323,1483,7.627779375155824,3.254765390217544,42.66989421349191,0.06251420990599872,0.026674747235289932,79.475,76.325,,
6.042894999999553,1145,,0.015406684524809665,0.20347722638156399,12.83887378356768,0.5946471816417517,1484,7.634600110852694,3.2451075289074263,42.50527181239603,0.06270276857361068,0.02665198221611086,79.475,76.325,,
6.067524999999441,1145,,0.015346510029588766,0.20334616211503512,12.838879530403627,0.5943155163393116,1484,7.6303453173300495,3.2327072772188084,42.366461054870996,0.06290274518451906,0.02664966704104401,79.475,76.325,,
6.09594000000041,1145,,0.01529374096427086,0.20339482643792497,12.838821836521856,0.5939945037983039,1484,7.626189606139628,3.221861103381867,42.247324939154915,0.06312960736402604,0.026670570355892747,79.475,76.325,,
6.121714999999851,1145,,0.015262475440279536,0.2034671156647308,12.838839145862735,0.5936024438965836,1484,7.621166293779245,3.215503026859272,42.1917447134557,0.06327691622901888,0.026697634957894865,79.475,76.325,,
6.144894999999553,1145,,0.015230743298292918,0.20359405569616462,12.838825975481058,0.5939006207435067,1484,7.624986716456058,3.20910906959957,42.08674964211741,0.06344254784757719,0.02670090627919036,79.475,76.325,,
6.169415000000037,1145,,0.015204295023544086,0.2035493130161115,12.838824712896745,0.5941116704561373,1484,7.6276955968726226,3.2037491955165933,42.00153447169732,0.06353472153842864,0.026685557968460005,79.475,76.325,,
6.192860000000335,1145,,0.01520748561012411,0.20337506105906392,12.838825337782584,0.5930862166172128,1484,7.614530345394682,3.2045603600960533,42.084806478369245,0.06346426286474066,0.026708812209549668,79.475,76.325,,
6.2176050000004475,1145,,0.01522645274500229,0.20343524133192015,12.838780184347033,0.5947532857425918,1484,7.635906699567276,3.2089064822012165,42.0239089927993,0.06339706141650145,0.02664192339377965,79.475,76.325,,
6.242415000000038,1145,,0.015195507896800261,0.20339230807723835,12.838759068109288,0.5939796814155153,1484,7.625962021046113,3.20252172119324,41.99498649947282,0.06351004795104266,0.026671036062849082,79.475,76.325,,
6.268120000000112,1145,,0.015185513337182656,0.20337397421828016,12.838736708976352,0.59269029062751,1485,7.609394591333276,3.2008057776185543,42.063869066063596,0.06353836763241327,0.02672669576761245,79.475,76.325,,
6.293870000000112,1145,,0.015194034980973712,0.20343544383710785,12.838719504138083,0.5916514186795873,1485,7.596046608652584,3.2028461499686878,42.16464583458922,0.06351708271691311,0.026781752972049495,79.475,76.325,,
6.31680999999959,1145,,0.015203860415328318,0.20369640845596282,12.838737443745957,0.5924825619204449,1485,7.606728052494549,3.2050796852427053,42.1348004440836,0.06355424153535137,0.026778452844671195,79.475,76.325,,
6.343524999999441,1145,,0.015227219835193461,0.2040302960293521,12.838740127037932,0.5924865873587549,1485,7.606781323854612,3.210143767837458,42.20107863191169,0.06355799328165258,0.02682215872165536,79.475,76.325,,
6.369020000000484,1145,,0.015246415368339731,0.20444443625216244,12.838703021533977,0.5912510394119833,1485,7.590896506183735,3.214247063055051,42.343444683202364,0.06360570057046075,0.02693284463641638,79.475,76.325,,
6.394269999999553,1145,,0.015266206142693441,0.2049326265300802,12.838680279964926,0.593353306644667,1485,7.617873397070868,3.218433270395416,42.24844786253508,0.06367465450197209,0.026901553208915026,79.475,76.325,,
6.4439800000004475,1145,,0.015384946343257745,0.205514737527853,12.838481220784141,0.595509938530936,1485,7.64544316261974,3.2434696757055343,42.42356664900177,0.0633626203035638,0.026880683455036317,79.475,76.325,,
6.4702350000003355,1145,,0.015415174153883724,0.2056873923929792,12.838461630799692,0.5945589322572401,1485,7.633222039033811,3.2505419015632513,42.584139239511686,0.0632778775422215,0.0269463394803873,79.475,76.325,,
6.500700000000187,1145,,0.01541996497286143,0.20586570681340943,12.838477969857918,0.5930835639438589,1485,7.614290269978052,3.2520885546237097,42.7103306981372,0.06330261410646906,0.02703675582543858,79.475,76.325,,
6.547450000000186,1145,,0.015404989994921096,0.20602965229677517,12.838458908919163,0.5927145030351658,1486,7.609540791937419,3.2493306866771263,42.700746017682285,0.06340679732645739,0.02707517548431713,79.475,76.325,,
6.571509999999776,1145,,0.015372310119205005,0.20598815347291227,12.838445500814686,0.5932002465653244,1486,7.615769036598752,3.242351770015964,42.57418724798957,0.06353047666752644,0.027047584095973035,79.475,76.325,,
6.598339999999851,1145,,0.015360521311453329,0.2061120157268528,12.83843298407667,0.5936538749474712,1486,7.621585489250541,3.2397985481470046,42.508196656934516,0.06361877526142423,0.027043194098859417,79.475,76.325,,
6.62243499999959,1145,,0.015385675505260573,0.20629882708496716,12.83841993901098,0.5942760939521534,1485,7.629566053872888,3.244778199738381,42.52900069056065,0.06357871459491454,0.02703939196912079,79.475,76.325,,
6.646110000000335,1145,,0.0153908928646747,0.20648035203503584,12.838439219102726,0.5950481407524726,1485,7.639489387490704,3.2457331009412136,42.48625708225926,0.06361593686651551,0.02702803048239552,79.475,76.325,,
6.669285000000149,1145,,0.015371442168153266,0.20660527017742392,12.838445334913565,0.5944905885436192,1485,7.632334923137848,3.241398385553967,42.46928912576265,0.06373954867695607,0.027069733215072694,79.475,76.325,,
6.694485000000335,1145,,0.015314853642258928,0.20678274642272612,12.838412351426856,0.5936248828495718,1485,7.621201028090263,3.2292318144682244,42.37169184444689,0.06403465539273408,0.027132566856662776,79.475,76.325,,
6.717724999999628,1145,,0.015294850703338796,0.20685427865128814,12.838447260894199,0.5928127229563531,1485,7.610794879262223,3.224868153832161,42.37229100233974,0.06414348394537618,0.02717906367637387,79.475,76.325,,
6.742785000000149,1145,,0.015266022165735475,0.20692516328224647,12.838444118212909,0.5915405201780493,1485,7.594459911964481,3.2184367439830597,42.378744259518214,0.06429368657597442,0.027246857009048397,79.475,76.325,,
6.767905000000261,1145,,0.015260836450758238,0.20698167559174,12.838251133412253,0.5958271095300037,1485,7.649378064241318,3.21719254217884,42.05822375571037,0.06433611693366723,0.027058628015697233,79.475,76.325,,
6.792570000000298,1145,,0.015267476547118597,0.20702655539216155,12.83825332247279,0.5952286625518428,1485,7.641696354637231,3.218556800103715,42.11835501878571,0.064322790694727,0.02709170134279558,79.475,76.325,,
6.817155000000261,1145,,0.015252525917746344,0.2070525305533215,12.838276186825057,0.594290117228841,1485,7.6296606600845,3.215659660394182,42.146824133572515,0.06438881984418109,0.02713784266140984,79.475,76.325,,1.0538499999996276,1696,
6.843895000000484,1145,,0.015205102168316225,0.20709477843913204,12.838267562843226,0.5936448096625742,1485,7.621370903741267,3.205901841975685,42.064634859877174,0.06459797855554641,0.027172903806252355,79.475,76.325,,
6.868384999999776,1240,,0.015160343595116841,0.2069505700834396,12.83826014368564,0.5940018495290526,1485,7.62595027008439,3.1966615791864577,41.918206465711485,0.06473959315271277,0.02713767632281576,79.475,76.325,,
6.892589999999851,1240,,0.015134217151027482,0.20688251288659162,12.838233441879677,0.5944347872167912,1485,7.6314925642632385,3.191217147343487,41.81642215426275,0.06482871686084099,0.027109049919720983,79.475,76.325,,
6.919280000000261,1240,,0.015110165037373629,0.2067493068703015,12.838204747535206,0.5939595258841885,1485,7.6253740050501495,3.1860513584889767,41.78223069948977,0.06489201949599295,0.027113333291373658,79.475,76.325,,
6.944050000000745,1240,,0.015949859023694588,0.20666298067594108,12.833132631469484,0.7158171522860125,1489,9.186176455167187,3.3709642171273373,36.696053396962384,0.06130678564486656,0.022497170796201504,79.475,76.325,,
6.969120000000112,1240,,0.018104228904391246,0.2075474095199249,12.828775871427606,0.8184100669353654,1490,10.499199319633869,3.830053516622063,36.479481911156114,0.05418916697095462,0.019767927362975574,79.475,76.325,,
6.996894999999553,1240,,0.02043024646343772,0.20904572121179457,12.824952566235286,0.9058933897929377,1514,11.618039754160518,4.39150195127518,37.7989922930204,0.04760232911910537,0.017993200715028843,79.475,76.325,,
7.043109999999404,1240,,0.02564468224207461,0.21441556826653768,12.819530110217633,1.0309558604391282,1587,13.216369695204731,5.779114563757448,43.72694391149086,0.037101802689844865,0.016223484452340467,79.475,76.325,,
7.069160000000149,1240,,0.028195890095979902,0.2191275177139541,12.817008134772095,1.0879851639501792,1612,13.944714696860798,6.452949686182758,46.275236363462,0.03395772915805562,0.015714019431554496,79.475,76.325,,
7.096114999999292,1240,,0.030499032224039557,0.22433686146609272,12.814845253947164,1.1369196738858327,1647,14.56944968701502,7.133435588704319,48.961599387394656,0.031448641916852316,0.015397758068105503,79.475,76.325,,
7.118195000000298,1240,,0.03206584667541774,0.22919418609321512,12.813549300418805,1.1654260183563396,1676,14.933243742199748,7.631369268003064,51.10322579439075,0.030033166794088243,0.0153479170399889,79.475,76.325,,
7.150179999999702,1240,,0.03386039767793415,0.23626853437591583,12.811701962795908,1.2077289668915794,1695,15.473063575650322,8.146507416798508,52.649608637416314,0.029002432857142955,0.015269667394615202,79.475,76.325,,
7.173259999999776,1240,,0.03495622513667515,0.24233555945975666,12.810872391784304,1.2234244805202592,1727,15.673134900930043,8.57087103783213,54.68510985204074,0.028274321056760605,0.015461843529808224,79.475,76.325,,
7.198329999999143,1240,,0.03572639264722938,0.2492126998444671,12.810061797654576,1.239268964648509,1754,15.875112021062806,8.896038115764357,56.037639948374895,0.02801389749025985,0.015698327011098648,79.475,76.325,,
7.2196299999998885,1240,,0.036228396667933316,0.2548925859271034,12.80958067151258,1.2495900592337816,1774,16.006724670075307,9.125581177670906,57.01092113323626,0.027931655087436176,0.015924093853105812,79.475,76.325,,
7.243604999999516,1240,,0.036567953030965356,0.26110382498061674,12.809154324134159,1.2570008328907876,1789,16.10111765406327,9.286028498647028,57.67319199921261,0.02811792199632593,0.016216503139129892,79.475,76.325,,
7.267275000000373,1240,,0.03676154943739684,0.267122511177835,12.80875778028604,1.2629211691061117,1806,16.17645135067585,9.427312450155513,58.27800081605439,0.028334958938740648,0.01651304760154795,79.475,76.325,,
7.291884999999777,1240,,0.03685711462837447,0.2734108260180112,12.808241824782545,1.2718523686935452,1821,16.290192703649417,9.531716249799901,58.51199198929399,0.028684322828404683,0.016783768675539375,79.475,76.325,,
7.317964999999851,1240,,0.036854086107458044,0.279525320417562,12.807992059850944,1.2741528647450833,1840,16.31933977469136,9.630115641653514,59.01044879639221,0.02902616446354187,0.01712846991831497,79.475,76.325,,
7.342424999999814,1240,,0.036748112509021894,0.28573698850000134,12.807761187594737,1.276144557081958,1852,16.34455472795458,9.660768601677884,59.106954961304524,0.02957704508628584,0.017482090718035703,79.475,76.325,,
7.367495000000112,1240,,0.036520254416327357,0.2919631032457218,12.80764657328614,1.275305395424863,1865,16.33366077760657,9.670835498975062,59.20800995349289,0.030190059925708043,0.017874933685778686,79.475,76.325,,
7.392240000000223,1240,,0.03625060849621298,0.2978236856752123,12.807543052545295,1.274495858365412,1880,16.323160576305686,9.67656228694299,59.28118051469309,0.03077783998528887,0.018245466880202486,79.475,76.325,,
7.4190599999995905,1240,,0.035977257105374444,0.3039166472592183,12.807279473420152,1.2785557800891945,1891,16.37482119795903,9.659706313430517,58.991217043850895,0.03146230717559842,0.01855999791296034,79.475,76.325,,
7.444490000000224,1240,,0.03570742184164135,0.3095310090814607,12.807008150577165,1.283549365461083,1904,16.438427185128237,9.653643511051204,58.726077637067405,0.032063646096638934,0.018829721699986715,79.475,76.325,,
7.472915000000037,1240,,0.03541991047268854,0.31541880093331487,12.807044732168418,1.2798881805230855,1912,16.391585180132804,9.614448864759265,58.65478389736415,0.032806747986298915,0.019242727135116492,79.475,76.325,,
7.497195000000298,1240,,0.0350893959577172,0.32103004573263383,12.807156616539057,1.2738510054663486,1923,16.314409333143278,9.578682850590878,58.71302267212003,0.0335150511547452,0.019677699583058175,79.475,76.325,,
7.546765000000596,1240,,0.03457436514696115,0.32985565813006945,12.807219591297505,1.2660055294046053,1942,16.21401081888163,9.533972463349713,58.80082707387341,0.034597924359242,0.020343865673627413,79.475,76.325,,
7.595419999999925,1240,,0.03405070624445102,0.33766902530992154,12.807376356601228,1.2588482174137878,1957,16.12254289625495,9.458925026837989,58.66894005309281,0.03569845667999765,0.020943906149467128,79.475,76.325,,
7.617924999999814,1240,,0.03376402609593067,0.341341490388484,12.807425837350449,1.256447317790681,1961,16.09185584114204,9.39848799996773,58.40524606203979,0.0363187664217538,0.02121206489532279,79.475,76.325,,
7.643290000000038,1240,,0.033508961164718604,0.3449626344684007,12.807453257226223,1.2544948151709006,1967,16.06688370673396,9.358500238722597,58.24713995284759,0.036860888568560526,0.021470413352392647,79.475,76.325,,
7.66753000000026,1240,,0.03323954005094198,0.34862748849416464,12.807002408735839,1.2638294956528864,1973,16.185867395057915,9.311381131147927,57.527847620888096,0.037441007255943466,0.021539005601924812,79.475,76.325,,
7.693304999999702,1240,,0.03303652718019941,0.3522372776645853,12.80687227339725,1.2659106691494357,1978,16.21235624932767,9.27819317466432,57.229146904843574,0.037963994824598925,0.02172647036911693,79.475,76.325,,
7.717584999999962,1240,,0.032862259738278284,0.3554217416217097,12.806953967620029,1.2625859357567741,1985,16.169879959401467,9.260453320964244,57.26977160136582,0.038380598584422373,0.021980481148535735,79.475,76.325,,
7.767304999999702,1240,,0.03246752022306472,0.3616648270560424,12.807143022454303,1.2566144310774854,1993,16.093640742889402,9.188639105357815,57.094844181964234,0.0393599991151202,0.022472530164800376,79.475,76.325,,
7.793464999999851,1240,,0.03223039971112712,0.3646513189618871,12.807187619101478,1.252797667255614,1998,16.044814773315313,9.142946134172384,56.98380606660748,0.03988334980985812,0.02272705070851621,79.475,76.325,,
7.842374999999069,1240,,0.03170286509544624,0.37014687561050597,12.807110448268517,1.2514116441211969,2006,16.026967142509463,9.028563371152735,56.333573850074444,0.040997317113946,0.02309525391293398,79.475,76.325,,
7.86868499999959,1240,,0.031488321522234616,0.37274895104042527,12.807171367115096,1.248865289456073,2010,15.994431776505724,8.985756427109838,56.18052927837704,0.041482200643214576,0.023304919877676272,79.475,76.325,,
7.892439999999478,1240,,0.03131849313885542,0.37486396477689243,12.807240854878279,1.244419028545681,2014,15.937574222978185,8.955125018803924,56.18875804758774,0.041860271519354,0.023520766682073105,79.475,76.325,,
7.917200000000186,1240,,0.0312146152245712,0.3769612495004433,12.807045868082412,1.2478178439948937,2016,15.980860363054306,8.934528099516374,55.90767891428332,0.042191511997242276,0.023588295056499536,79.475,76.325,,
7.946625,1240,,0.031081161308771185,0.3791178162258541,12.806824513257364,1.2522018493823401,2019,16.03672934021596,8.909258463095439,55.555333472850535,0.042553240294493956,0.02364059454910952,79.475,76.325,,
7.971909999999218,1240,,0.030970106343545505,0.38113719043551214,12.80684582878124,1.248668402055161,2022,15.991503716391076,8.892765909712582,55.60931646845454,0.04285924023022334,0.023833730535600076,79.475,76.325,,
7.993740000000224,1240,,0.03090301939181158,0.38256038457843894,12.806915783141308,1.247120737424382,2026,15.971770255603145,8.888325341323329,55.65022035178077,0.04304077201133165,0.023952284465413646,79.475,76.325,,
8.016995000000112,1240,,0.030825140954377488,0.3839092023959597,12.806922184281717,1.2460666053983245,2028,15.958278051768414,8.875838448591049,55.61902368036177,0.04325328864642659,0.024057056854791228,79.475,76.325,,
8.042679999999702,1240,,0.030683038354884472,0.38514971379427926,12.80691363689427,1.2452937563350122,2030,15.948369589946157,8.845465654225954,55.46313436203617,0.04354205067884386,0.024149786071993053,79.475,76.325,,
8.070620000000112,1240,,0.030553564629480858,0.3864103705105988,12.806833617090138,1.2459874695889799,2032,15.957154212005223,8.81340519066964,55.231685259010355,0.04384348184963449,0.02421549390178146,79.475,76.325,,
8.092995000000112,1240,,0.030506781467847598,0.3875136200368721,12.806716981525383,1.247487265433488,2034,15.976216346463715,8.809172950520965,55.13929430775922,0.043989784536351384,0.024255656760847948,79.475,76.325,,
8.119404999999329,1240,,0.030434674887291673,0.3887787885644836,12.806766912969222,1.2440664320941701,2036,15.932468820079288,8.798062055396585,55.22095887806546,0.0441891391668479,0.0244016663678962,79.475,76.325,,
8.147610000000336,1240,,0.03033768953923681,0.39038477193357957,12.806830135175435,1.2393565016797123,2038,15.872228193937344,8.780507708766581,55.31994375005546,0.04446038713044053,0.024595461151616593,79.475,76.325,,
8.171829999999144,1240,,0.03022762434857623,0.39181435336699394,12.806796172473726,1.2381036232884735,2041,15.856140743856674,8.757484680413413,55.230871256023796,0.04474051256330575,0.02471057489312455,79.475,76.325,,
8.195895000000485,1240,,0.030128981376234272,0.3929462730239084,12.806858837371704,1.2362107684104133,2042,15.831976804270967,8.734323487403204,55.16887496352925,0.04498874739304338,0.024819785796926123,79.475,76.325,,
8.220309999999591,1240,,0.030028895570984492,0.39388769373015714,12.806641355102222,1.2397977250056489,2043,15.877644817018995,8.711014267703074,54.86339043411449,0.045217202225294684,0.024807690200246528,79.475,76.325,,
8.245799999999814,1240,,0.029941902597768445,0.3947027653820277,12.806487287568974,1.2424530139786234,2044,15.911458728918998,8.68868425088257,54.60645940080232,0.0454272193562489,0.024806196094683475,79.475,76.325,,
8.272360000000335,1240,,0.029903003571641506,0.39562121724241756,12.806540408546985,1.2397504785257567,2045,15.876914599755564,8.683605049535277,54.693278060895835,0.04555955907547755,0.024918016328469034,79.475,76.325,,
8.29496499999985,1240,,0.02985978992810764,0.39659103091265985,12.806467508955121,1.240699769307847,2047,15.888981284009057,8.677877497500713,54.61569462753586,0.0457013862003561,0.024960129527737303,79.475,76.325,,
8.321395000000484,1240,,0.029829522304479012,0.397584683249271,12.806500106497722,1.238322691424383,2049,15.858579679604906,8.675974030062045,54.70839258839727,0.045825942063870806,0.02507063629163392,79.475,76.325,,
8.362849999999627,1240,,0.02976370645249164,0.3991457520647984,12.806033184770424,1.2462914940860568,2049,15.960050231163155,8.660386291430681,54.262901218948855,0.04608867764475436,0.025009053623492823,79.475,76.325,,
8.417899999999442,1240,,0.029698605658730764,0.40096167235449065,12.806228150042646,1.237971632006697,2053,15.853747162758397,8.655349087669336,54.59497366024216,0.046325303380970774,0.02529128717886827,79.475,76.325,,
8.44418499999959,1240,,0.029653933061496444,0.4018257659085621,12.806187548240883,1.2367773144071963,2054,15.838402243708238,8.646399073996148,54.591359285820054,0.04647319218899393,0.025370347319483334,79.475,76.325,,
8.467894999999553,1240,,0.029605276449886038,0.402527136035417,12.806214941683434,1.2344209212907937,2054,15.808259646560794,8.635836402917938,54.62863462517033,0.04661125075266691,0.02546308986789636,79.475,76.325,,
8.492870000000112,1240,,0.02954071204966382,0.40305669208451245,12.806298350168696,1.2306185735179855,2055,15.759668607730331,8.619035921948946,54.690464225378385,0.04676354707585124,0.025575200984036407,79.3625,76.2125,,
8.519084999999963,1240,,0.029492407133605295,0.4035408763529863,12.806311907298143,1.2297811741953006,2055,15.748961294468371,8.605886616335017,54.64415370274437,0.046891261103419235,0.025623332790507592,79.3625,76.2125,,
8.545384999999776,1240,,0.029491352908428643,0.4041089582811768,12.806065367173002,1.2358941153893988,2056,15.826940828581092,8.607523672525756,54.38526475679908,0.04694834120190072,0.025532979661579098,79.3625,76.2125,,
8.570365000000223,1240,,0.02945880948538978,0.40474539419877636,12.805858928426652,1.2398443590090313,2056,15.877271954675223,8.6011467447139,54.172698995567714,0.04705714321727218,0.025492124551006072,79.3625,76.2125,,
8.596825000000186,1240,,0.029455613536761474,0.4051852158674226,12.805960657393543,1.236215075942482,2057,15.830921626596194,8.601989405642405,54.33663060520071,0.04710366367129501,0.02559454373058769,79.3625,76.2125,,
8.646120000000112,1240,,0.02937229307118811,0.40617609688728595,12.806104677987445,1.2308390871058443,2058,15.76225419123595,8.581966639005891,54.44631545009339,0.04732902305179972,0.02576890919023029,79.3625,76.2125,,
8.671205000000075,1240,,0.029303971970308092,0.40648318148277884,12.80608373193363,1.2302693226489685,2058,15.75493195867196,8.5625074336307,54.3481079835299,0.04747244713461471,0.02580037683114455,79.3625,76.2125,,
8.695544999999926,1240,,0.02924375791160882,0.4067194204996557,12.806071441823377,1.2288652035531227,2058,15.736935589072116,8.544682779017286,54.29699276999519,0.047599124627354744,0.025844893257495803,79.3625,76.2125,,
8.750674999999815,1240,,0.029141121757758303,0.40693389646201183,12.806056730016484,1.2265117318813368,2058,15.706778818503167,8.514522139833794,54.209219078092396,0.047792922465752764,0.025908170043282754,79.3625,76.2125,,
8.800495000000112,1240,,0.029111000702244077,0.40732646604363004,12.805946558689715,1.2267202500085082,2058,15.709313964071443,8.506172064738685,54.14731721699009,0.04788598948428906,0.02592897862855251,79.3625,76.2125,,
8.827760000000708,1240,,0.029084585817527146,0.40759052827747155,12.80594682938014,1.2235460136507625,2058,15.668665194111693,8.498544445536362,54.23910933223672,0.0479600396149658,0.02601309832254535,79.3625,76.2125,,
8.851240000000223,1240,,0.029080138232873663,0.407817646473489,12.805826834985421,1.2247711680470459,2058,15.684207490493298,8.496844892576485,54.174524901731225,0.04799636237090672,0.026001801284552015,79.3625,76.2125,,
8.888665000000037,1240,,0.029078855047003915,0.4083687836744927,12.805988181432127,1.2192177815857992,2058,15.61328850157964,8.496045345529478,54.41547656452968,0.048065749071051246,0.026155206421323532,79.3625,76.2125,,
8.91943999999948,1240,,0.029097312107020497,0.4092135047252236,12.806077744717062,1.2150284744773232,2058,15.55974910620157,8.501189265560944,54.63577341470543,0.04813603037671248,0.026299492487454407,79.3625,76.2125,,
8.945549999999814,1240,,0.029107907293902592,0.41002888017452443,12.806134738916889,1.2125134568535756,2058,15.527610701216778,8.505074887807147,54.77388022833848,0.048209908270454,0.026406437414250323,79.3625,76.2125,,
8.971379999999888,1240,,0.029128899235586845,0.41056024443719014,12.806081402855218,1.2128020388995664,2058,15.531241635696627,8.511875442241966,54.80486133625324,0.04823381723840775,0.02643447665469118,79.3625,76.2125,,
8.995004999999889,1240,,0.02913350639786877,0.4110330264036671,12.805821009794567,1.2190939090405455,2058,15.611498393304004,8.512555995220206,54.52747571540834,0.04828550045773113,0.02632886453615273,79.3625,76.2125,,
9.01869000000041,1240,,0.029118926805312677,0.41141763101649126,12.805858862461639,1.2173776913557735,2058,15.589566897811421,8.50809814000577,54.57559017370905,0.0483560043909193,0.02639057478076887,79.3625,76.2125,,
9.043479999999516,1240,,0.029090867017580093,0.41174909249563363,12.805873544451035,1.2164971038573726,2058,15.578308079188432,8.500203724036837,54.56435757226124,0.04843990872022179,0.026430925001778766,79.3625,76.2125,,
9.070409999999217,1240,,0.029093837571478574,0.41219049173565253,12.805687239919685,1.2203562520586126,2058,15.627500485143187,8.500969631600013,54.397500353186665,0.04848746785348437,0.026375970496850434,79.3625,76.2125,,
9.093660000000149,1240,,0.029107759312535328,0.4126758647738965,12.805693047604125,1.2188497294348823,2058,15.608215506298441,8.504834210311829,54.48947195071623,0.048522505503227883,0.026439657025966096,79.3625,76.2125,,
9.119990000000223,1240,,0.029116635597804603,0.41319836133544524,12.80569834017975,1.2166704512582285,2058,15.580314778223245,8.508215176477984,54.608750192711106,0.04856463462252147,0.026520540003015635,79.3625,76.2125,,
9.147464999999851,1240,,0.029116835945709584,0.41349483121860636,12.805604106954902,1.2182703978958922,2058,15.60068841067722,8.508511262090332,54.53933209939022,0.04859778855331983,0.02650490929205455,79.3625,76.2125,,
9.169484999999405,1240,,0.029106938840003156,0.41382094969465494,12.805583945845868,1.2181809442257447,2058,15.599518342512557,8.50495055629642,54.52059717201857,0.04865647918297342,0.026527803013436012,79.3625,76.2125,,
9.192915000000037,1240,,0.029101236248646193,0.4141231145600476,12.805588650924104,1.2165786944362527,2058,15.57900632242894,8.502958029953685,54.5795916246087,0.04870341745792473,0.026582126355763697,79.3625,76.2125,,
9.21927999999933,1240,,0.029086108257275624,0.4145595618605292,12.805443401665826,1.2183998115600696,2058,15.602149827532779,8.497976855578957,54.466704585689584,0.04878332442013762,0.02657066919899493,79.3625,76.2125,,
9.244625,1240,,0.02912050806365072,0.4147676853444481,12.805419728899574,1.2181316986013309,2058,15.598687685667432,8.507743225477892,54.541403718821016,0.0487517869724083,0.026589908952760796,79.3625,76.2125,,
9.268860000000336,1240,,0.02917826650911415,0.41491162717813007,12.805454524250518,1.2167691190593877,2058,15.581281620627353,8.525453190754074,54.715994475496885,0.04866739842382869,0.026628851032950162,79.3625,76.2125,,
9.292955000000074,1240,,0.02924242156043905,0.4148872284559551,12.805209852096445,1.220209155756042,2058,15.625034302905553,8.544999091805536,54.68787412656465,0.04855322089546185,0.02655272432770306,79.3625,76.2125,,
9.318339999999852,1240,,0.029268671984437035,0.4149058466727526,12.805137053525673,1.2200522900861657,2058,15.622936787021214,8.553242572599602,54.74798169640695,0.048508602807771126,0.026557480986381284,79.3625,76.2125,,
9.342495000000111,1240,,0.029294676432750105,0.41485049865585577,12.804994874983286,1.221801234628482,2058,15.645158547665963,8.561797221263523,54.724899048982934,0.048453670174009734,0.02651622208825398,79.3625,76.2125,,
9.367870000000112,1240,,0.02929205016267777,0.4148522820203134,12.804720591544998,1.2273086870982979,2059,15.715344817869632,8.562152744415561,54.48275455387841,0.04845186653448688,0.026397911520757242,79.3625,76.2125,,
9.392559999999591,1240,,0.029269292277620672,0.41494490600806644,12.804844451311505,1.2234920062250156,2059,15.666624827134372,8.556629214933599,54.61692808340977,0.04849396831218034,0.026485915797855055,79.3625,76.2125,,
9.418745000000111,1240,,0.029273472795047634,0.41499632746285287,12.804919284224606,1.2199970520581778,2059,15.621963778596932,8.558744093392681,54.78660823115399,0.048487993440910156,0.02656492700561909,79.3625,76.2125,,
9.443834999999963,1240,,0.029260757427076643,0.4150166833000668,12.804741694187934,1.2230701059320401,2059,15.661096780342847,8.554295609834368,54.62130609250407,0.04851558821780098,0.026499847943023912,79.3625,76.2125,,
9.468174999999814,1240,,0.02926390126401949,0.4151864318072937,12.804680466726762,1.2244052173649884,2059,15.678117570151802,8.554248994373035,54.56170969567623,0.048535696363339716,0.026481905748540303,79.3625,76.2125,,
9.49244000000041,1240,,0.02926939020735643,0.41510378221288124,12.804702476333237,1.2233899910417785,2059,15.665144847813957,8.555597838110543,54.61550417329503,0.04851838411149006,0.026498560099226166,79.3625,76.2125,,
9.517419999999925,1240,,0.02926799566957356,0.41511410829947337,12.804580264857467,1.2262650342805517,2059,15.701809057433517,8.555119481329475,54.484928775002075,0.04852230400819185,0.026437342778853304,79.3625,76.2125,,
9.543450000000187,1240,,0.029269842258680675,0.4152227460156027,12.804716431239179,1.222569502379437,2059,15.654655795449882,8.555401425210757,54.65084341041491,0.048533403095737726,0.02652391412759709,79.3625,76.2125,,
9.570280000000261,1240,,0.029287731381551035,0.41516036471778367,12.804468223593457,1.2271127387626561,2059,15.712526070253169,8.56037142391168,54.48119153875651,0.04849793825044979,0.02642225463057541,79.3625,76.2125,,
9.593009999999776,1240,,0.02931819449437123,0.4152776254394359,12.804268557560327,1.2309218059036366,2059,15.761053376147311,8.569447080575422,54.371030133965384,0.04846025904993987,0.02634834205104049,79.3625,76.2125,,
9.61821999999974,1240,,0.029349763056815137,0.41539575912327,12.80406850958595,1.234608340236474,2059,15.808009770894014,8.578883982223381,54.269222416720496,0.04842072232052872,0.02627754949191036,79.3625,76.2125,,
9.642964999999851,1240,,0.029341520623136087,0.4156692701949896,12.804128909793729,1.232355491400102,2059,15.779238574579104,8.579124048560457,54.369696028183014,0.04845124838412113,0.026342796468306593,79.3625,76.2125,,
9.669199999999256,1240,,0.02930780634956932,0.4161083267289375,12.804104725260817,1.2322508441453015,2060,15.777868856227485,8.570730694708638,54.32121899863424,0.04854992433560335,0.026372910722014312,79.3625,76.2125,,
9.694429999999702,1240,,0.02925566002223801,0.41660015006549367,12.804188307000077,1.229957252962171,2060,15.748604276488164,8.554750108536888,54.320687461229056,0.048698108627365205,0.026453147387000876,79.3625,76.2125,,
9.721169999999926,1240,,0.029193862669639623,0.4168972507701334,12.803987330429587,1.2351209264740888,2059,15.814472694122687,8.535721311936904,53.974112681664884,0.048841478714530824,0.026361754756772236,79.3625,76.2125,,
9.772759999999776,1240,,0.029165882376851086,0.41668056105225304,12.803902243235433,1.2319092171376813,2060,15.773245188771563,8.52876101124581,54.07106089568141,0.04885593118423983,0.026416920301782523,79.3625,76.2125,,
9.821804999999703,1240,,0.029123621693526402,0.4167188972079797,12.804070590008207,1.2243412306638182,2060,15.676551543677048,8.518326515550028,54.338012360797514,0.048920277527195986,0.0265823064496642,79.3625,76.2125,,0.8454449999993667,959,
9.846674999999813,1240,,0.02911307399929377,0.41683542162047055,12.803824860118675,1.2288709724736189,2060,15.734248707235935,8.514780988677892,54.11622217946813,0.048954332727375705,0.026492235465222717,79.3625,76.2125,,
9.899129999999888,1335,,0.029170372786865326,0.41713398579019856,12.803747615530657,1.2289102120013498,2060,15.734656196613557,8.530361491408375,54.21384099415083,0.048899918978853166,0.02651052432146404,79.3625,76.1,,
9.923589999999852,1335,,0.029197727978520962,0.4173348402078457,12.798402822436225,1.3653991505275935,2060,17.474928341864377,8.54004370029541,48.87026449107764,0.048867998203968165,0.023881919973774316,79.3625,76.1,,
9.94621999999974,1335,,0.030287720686314613,0.41789875819377514,12.793031410901703,1.493702891720925,2065,19.108988012340497,8.880767536422779,46.474295397996066,0.047056603664023734,0.02186922499108263,79.3625,76.1,,
9.970849999999627,1335,,0.03229353370038226,0.4187994533132231,12.788059350189783,1.6087062085635018,2084,20.572230472128844,9.555669515776502,46.44936060152776,0.04382732707758271,0.020357513196277408,79.3625,76.1,,
9.996054999999702,1335,,0.035041936354306816,0.42155088649188344,12.784141213698705,1.697367927798824,2115,21.699391280583313,10.520321326550055,48.48210344021804,0.04007015312621856,0.019426853087307044,79.3625,76.1,,
10.022514999999665,1335,,0.037754568921005496,0.4252071400780095,12.780931816764287,1.7689470035405497,2151,22.60879103972126,11.532078714096368,51.007056033362076,0.036871682080894294,0.018807159539444875,79.3625,76.1,,
10.044865000000224,1335,,0.04011270546473128,0.429853964746964,12.778154684327268,1.831596003437231,2170,23.404417051116553,12.359065203238915,52.806550046711386,0.034780459337192676,0.018366360666370752,79.3625,76.1,,
10.069575000000187,1335,,0.04230417060036575,0.4356003145485828,12.775765876880483,1.8847476694407532,2195,24.07909496177119,13.182449738247142,54.74645022653907,0.03304395792875628,0.018090393980345065,79.3625,76.1,,
10.092785000000148,1335,,0.044093901024504764,0.44178491971638484,12.774159425023777,1.9179003849265361,2222,24.499565278366042,13.91183002294707,56.78398724581327,0.03175606077616506,0.018032357500910277,79.3625,76.1,,
10.118530000000261,1335,,0.045742646675354624,0.44955185402883724,12.772443691378744,1.9549379558271804,2247,24.969334960941726,14.594653716882636,58.45031010922925,0.030802502255247746,0.01800415808959464,79.3625,76.1,,
10.143339999999851,1335,,0.04701263923215853,0.4574179941200624,12.771129062858343,1.981294406774081,2271,25.303366580431145,15.159411192014177,59.91064921668568,0.030173862845083686,0.018077357124241942,79.3625,76.1,,
10.168860000000334,1335,,0.048098016933031486,0.46503706332433986,12.770246383752916,1.9959652091183953,2293,25.48896749384082,15.655923500268981,61.42235264748207,0.02970358556723595,0.018244641076054252,79.3625,76.1,,
10.194439999999478,1335,,0.04879953585210934,0.47283080936642274,12.769491497027339,2.009019195848229,2312,25.654153538748663,16.0168212648245,62.43363765883876,0.029520889416730575,0.018430965132108044,79.3625,76.1,,
10.218704999999144,1335,,0.04934068271467193,0.48178287090120936,12.768570820530659,2.0260255099651188,2328,25.869450208191363,16.30869923083378,63.04231090952894,0.029541465207129105,0.01862362234310865,79.3625,76.1,,
10.244325000000186,1335,,0.04969532003117248,0.4904716117872685,12.768030325141455,2.0383437840156136,2344,26.025635247374936,16.536701431763074,63.540049165297674,0.029659579560721166,0.018845711435102806,79.3625,76.1,,
10.268509999999777,1335,,0.049854091615858874,0.49867012448791553,12.767437664051107,2.048152223392076,2355,26.149655838646005,16.66724434156418,63.73791090945077,0.029919170456051313,0.019069854210124703,79.3625,76.1,,
10.293134999999776,1335,,0.04993673146561564,0.5070966164306405,12.76714317324445,2.0499941673393165,2370,26.172569038737098,16.803895054111283,64.20422477151719,0.030177325840092827,0.019375118112406338,79.3625,76.1,,
10.317665000000037,1335,,0.04995102012369428,0.5145166601104255,12.766813281570073,2.053023830521749,2383,26.210571906884933,16.89863177047649,64.47257934893666,0.03044723780592313,0.019630119553983236,79.3625,76.1,,
10.342165000000037,1335,,0.04989530300255634,0.5218944558588936,12.766473601516582,2.0576726591138277,2391,26.26922368313911,16.940229715424955,64.48698263701654,0.03080799166399035,0.01986714423517096,79.3625,76.1,,
10.368389999999664,1335,,0.04975531050203808,0.5293653194879625,12.766381020564129,2.056340038261804,2403,26.25202043629161,16.97687448524305,64.66883006754671,0.03118155346840239,0.020164745824902356,79.3625,76.1,,
10.39715500000026,1335,,0.049534759563536354,0.5377790869130624,12.766217957958677,2.055011964757203,2413,26.234730648303348,16.970299080086946,64.68638579746367,0.03168942894731276,0.020498746265871864,79.3625,76.1,,
10.419254999999888,1335,,0.04935613107361559,0.5437349897989469,12.765845146027452,2.0619066855112607,2422,26.32198145279548,16.97066825423368,64.4733690914114,0.03203969234760694,0.020657069103025314,79.3625,76.1,,
10.44533999999985,1335,,0.04911846889670217,0.5505689398765573,12.765725026836861,2.0616180472979124,2430,26.3180491021695,16.945071147624116,64.38574182243345,0.0324913914541901,0.02091982341621104,79.3625,76.1,,
10.468,1335,,0.048891869657481345,0.5560433646952258,12.765669528508239,2.0604255241887355,2438,26.302711329896756,16.922841224585724,64.33877105798793,0.032857565542091044,0.02114015386935429,79.3625,76.1,,
10.492804999999702,1335,,0.04860686430792402,0.5613750048418795,12.765617409633592,2.0593058799909008,2445,26.288310993372665,16.872634158405663,64.18302858125533,0.03327133152840939,0.021354548224243212,79.3625,76.1,,
10.518860000000336,1335,,0.04834551352548733,0.5662282271610825,12.765431983354066,2.062299035193888,2451,26.326138063104292,16.825338522220427,63.91115355351303,0.03365330370103946,0.021508214604201416,79.3625,76.1,,
10.54271499999985,1335,,0.04812283334954849,0.570875397488572,12.765093844070485,2.066715235268926,2458,26.38181392717805,16.79150530415073,63.64803174831142,0.033997868990784046,0.02163897444900355,79.3625,76.1,,
10.567915000000037,1335,,0.04793259091679482,0.5754639291811317,12.76511628729669,2.0635890857264227,2463,26.341954648494045,16.76124521664968,63.629466530904956,0.03433300579657996,0.021845908432388504,79.3625,76.1,,
10.594870000000112,1335,,0.04772306846748888,0.5798671379879585,12.765178521900776,2.0578407290392304,2468,26.268704275824216,16.72461829410696,63.6674657360206,0.0346714721849454,0.022074447673524025,79.3625,76.1,,
10.620229999999516,1335,,0.047521140988403876,0.5842341856054312,12.76518859546474,2.0543411945039725,2473,26.22405278727552,16.687626801753677,63.63481242628857,0.035010022248582094,0.02227856198828711,79.3625,76.1,,
10.642084999999962,1335,,0.04736955405082665,0.587512527798315,12.764964883976383,2.0562955909227387,2477,26.248541009204224,16.662383321827026,63.47927420417101,0.03525981346430184,0.022382673672883373,79.3625,76.1,,
10.669120000000111,1335,,0.047209231772057415,0.5914641532126103,12.764678840576085,2.0596761877527214,2481,26.29110505224558,16.632963207412416,63.26460289272534,0.03555975840486597,0.022496739944450984,79.3625,76.1,,
10.694614999999292,1335,,0.04708126981971826,0.595572267617967,12.76442310132474,2.063677397835,2486,26.341651450606797,16.618818556064664,63.08950897488942,0.03583722065493195,0.02260952654144422,79.3625,76.1,,
10.719549999999813,1335,,0.046974321313052673,0.5989306552878577,12.764362701203206,2.063490409129492,2492,26.33914001258303,16.61884812899746,63.09563683954038,0.03603923994243689,0.022739187953810563,79.3625,76.1,,
10.742330000000074,1335,,0.04686657118200017,0.6020964080949378,12.764442371675145,2.059402645729554,2494,26.28712639149021,16.59650718125684,63.135494287536645,0.03627850134484391,0.02290461114417783,79.3625,76.1,,
10.767169999999926,1335,,0.0467628508859202,0.604961854606204,12.764590168093642,2.0550637589973233,2497,26.232046652902795,16.57923061109849,63.20220008172279,0.03648913926085506,0.02306193880374408,79.3625,76.1,,
10.79241000000015,1335,,0.04664114067337255,0.6075049908088727,12.764453829042866,2.0561330168644045,2501,26.24541496013631,16.56078404196714,63.09972262629879,0.03668334719354938,0.023147090329171824,79.3625,76.1,,
10.820110000000335,1335,,0.04651708734522112,0.609888640867885,12.764522629477979,2.050244697673803,2502,26.170394839424493,16.527272089589463,63.15255154153001,0.03690195439161761,0.023304525766998208,79.3625,76.1,,
10.869754999999888,1335,,0.046153652803665915,0.613970114766954,12.764762787669625,2.038692442813703,2508,26.023425429531642,16.431688120985847,63.14191098893155,0.037365005363193184,0.023592978427436944,79.3625,76.1,,
10.893819999999367,1335,,0.04596517161536716,0.6156023126064069,12.764981230731697,2.0343129792625496,2509,25.96796699772033,16.375208712715022,63.059263415393914,0.0375935551971563,0.0237062189989863,79.3625,76.1,,
10.919084999999964,1335,,0.045795469407350596,0.617188994082497,12.764955659240293,2.033516590342654,2510,25.957749108053484,16.32301500312245,62.88301399006193,0.037810967763273765,0.02377667614835725,79.3625,76.1,,
10.945544999999926,1335,,0.04559220428064788,0.6187550500954876,12.765076705302906,2.029010939870563,2512,25.900480283346482,16.260884638730115,62.782174155996465,0.03805174588236971,0.023889713369266565,79.3625,76.1,,
10.974110000000335,1335,,0.04536371350178952,0.6204239200635268,12.765089849243473,2.0271955965863278,2513,25.8773339324152,16.18563475337385,62.54753598514622,0.038331763289926025,0.023975573437507548,79.3625,76.1,,
10.998080000000074,1335,,0.04524325432463993,0.6218638010301769,12.765013267852973,2.028323580965864,2514,25.89157742252831,16.15087872088893,62.37889046820306,0.03850340354707029,0.02401799592515719,79.3625,76.1,,
11.023774999999441,1335,,0.04512164364200533,0.6232595537878316,12.764727079230951,2.032443361063967,2515,25.94358480797639,16.112975951576075,62.10774675449679,0.038680598522637784,0.0240236481735635,79.3625,76.1,,
11.075699999999255,1335,,0.04491204281989149,0.6257422255764148,12.76437072879945,2.0350889625812316,2518,25.976629984474712,16.058236367564604,61.8180124872319,0.03896705785451799,0.024088660690412815,79.3625,76.1,,
11.112125,1335,,0.04486248425399101,0.6268796875059275,12.764052771924955,2.0384545101246614,2520,26.018940940399613,16.053294365268723,61.698492655951156,0.03904990921129439,0.024093205366886066,79.3625,76.1,,
11.139584999999963,1335,,0.04484332811411388,0.6281986506705055,12.763830696361232,2.042502098938965,2522,26.070150987819407,16.057592179946138,61.59378281870568,0.039121597038380675,0.02409647151502938,79.3625,76.1,,
11.166604999999516,1335,,0.044839164727653175,0.6291483168843034,12.76375059603443,2.041136953442817,2524,26.052563006093656,16.068120680402338,61.67577706901247,0.039155065449044776,0.024149190877578785,79.3625,76.1,,
11.192080000000075,1335,,0.04479158881080097,0.6297367976493539,12.763536735276722,2.0440475162146656,2525,26.089275561857026,16.0596692931498,61.55659345570068,0.03921231416128637,0.0241377648128352,79.3625,76.1,,
11.216649999999442,1335,,0.044767997029666266,0.6305534099927527,12.763692021803234,2.037580993907061,2527,26.007056275709456,16.05901752692104,61.748693726325854,0.03926475632371063,0.02424547412471624,79.3625,76.1,,
11.241650000000373,1335,,0.044708655541261494,0.6312810669082374,12.76348334635195,2.040607297975514,2528,26.045257264154728,16.044832093506194,61.603661391312855,0.03934482225985619,0.02423785107997569,79.3625,75.9875,,
11.26685000000056,1335,,0.04464464583220871,0.6317441904249891,12.763571442169253,2.035787094395932,2528,25.983914020368637,16.024533862441455,61.670977859147456,0.03942356113744317,0.024312895660360042,79.3625,75.9875,,
11.293775000000373,1335,,0.04464185711876758,0.6323818365137179,12.763546246600379,2.033064158477057,2529,25.949108409027595,16.02637405038477,61.760788840086924,0.039458821722592664,0.0243700795628768,79.3625,75.9875,,
11.317535000000149,1335,,0.04460472799180982,0.6330079417015876,12.763704305166058,2.02684209472057,2530,25.870013170276728,16.01942374968181,61.92275065436487,0.03951502573331709,0.02446879085585005,79.3625,75.9875,,
11.341790000000037,1335,,0.04455925649050449,0.633275980376433,12.763661631133354,2.026713036145262,2530,25.868279416765066,16.006453759111178,61.87676227409813,0.03956379032525929,0.024480792486183324,79.3625,75.9875,,
11.366554999999702,1335,,0.04447876639830316,0.6338348747899042,12.763608510867297,2.02530710596073,2530,25.85022701476039,15.978544395049767,61.81200801805754,0.039667873313057815,0.024519509032860203,79.3625,75.9875,,
11.391555000000633,1335,,0.04444083898967013,0.6343128451304423,12.763690178765497,2.021830255527153,2530,25.806014975602857,15.96477805703249,61.864561700540264,0.039732017749600175,0.02458003863557101,79.3625,75.9875,,
11.416534999999218,1335,,0.04439773886551521,0.6347524343064739,12.763692641783106,2.0214518328646047,2530,25.801189884852928,15.949193001909418,61.81572661217726,0.03979840448544839,0.024601672912733265,79.3625,75.9875,,
11.44230999999959,1335,,0.044345701763816574,0.6351888531696133,12.763676590640047,2.019470183788973,2530,25.77586431032287,15.929347083989223,61.799468263067105,0.03987538533880332,0.02464277610722947,79.3625,75.9875,,
11.467684999999591,1335,,0.044326160724745045,0.6354763667215507,12.763297464319727,2.026363109369873,2530,25.86307513561154,15.921154057773277,61.55940070657348,0.039913963800336974,0.024570796913726118,79.3625,75.9875,,
11.492290000000038,1335,,0.044302725940762525,0.6358737817128077,12.763261980016832,2.023576430516281,2530,25.827436119266622,15.913541335133566,61.61487056495887,0.039958031233999415,0.02462008922513458,79.3625,75.9875,,
11.517135000000708,1335,,0.044315846781359663,0.6362828102667233,12.763063382296467,2.025419974195559,2530,25.850563506427196,15.92183936608416,61.59184639099079,0.03996289597181205,0.024613885500349923,79.3625,75.9875,,
11.541854999999515,1335,,0.04435041700348998,0.6367145480404865,12.762943722519415,2.0266726777354,2531,25.866309329904634,15.937394492443374,61.61448967912011,0.03995098121856625,0.02461559319962072,79.3625,75.9875,,
11.566594999999738,1335,,0.04438238135482588,0.636968245245886,12.762923489363487,2.0244298642522245,2531,25.83764346703365,15.950764653258933,61.7345953922252,0.03993339874873934,0.024652722143898156,79.3625,75.9875,,
11.592114999999293,1335,,0.04439148197454507,0.6371928095152924,12.762952620737362,2.0216181841126453,2532,25.801817101050794,15.956423425843614,61.842246859403474,0.03993331039857412,0.024695656395818045,79.3625,75.9875,,
11.618025000000372,1335,,0.04435641599356008,0.6373493383742979,12.762846968414696,2.0208825331678097,2532,25.792214511962992,15.944689674581594,61.81977769759204,0.03997251444726048,0.02471091957143429,79.3625,75.9875,,
11.642320000000298,1335,,0.044349825683292536,0.6372553568108086,12.762840488074982,2.019462266948077,2532,25.774074784744602,15.941768099501994,61.851950972601955,0.03997394472390524,0.024724664692444876,79.3625,75.9875,,
11.66741000000015,1335,,0.04432413574317181,0.6374566744106583,12.762783496271407,2.0187104069563544,2531,25.764363865653895,15.930262401515964,61.83060635450956,0.04001545350251082,0.024741797536109278,79.3625,75.9875,,
11.692205000000074,1335,,0.044323191380357445,0.6374113375240329,12.762678969688382,2.0195186123806845,2531,25.774467723125227,15.928287580865451,61.79870619238573,0.040017568385050446,0.024730339511614366,79.3625,75.9875,,
11.717705000000075,1335,,0.044307475712290656,0.6375015998992878,12.76264862933899,2.0188026231877925,2531,25.76526853173364,15.92306069589315,61.800484152849435,0.04003637316183259,0.02474267245125401,79.3625,75.9875,,
11.742264999999664,1335,,0.04431539800488738,0.637458752750621,12.762366674021417,2.0231994339047583,2532,25.820813030165084,15.928132067717685,61.687182541888575,0.04002093591643363,0.024687787793742665,79.3625,75.9875,,
11.768344999999739,1335,,0.04438179034060669,0.6373161978010234,12.762186358916216,2.025650747033504,2533,25.85173233171943,15.958365955033534,61.73035427669588,0.03993618141085449,0.024652746269504443,79.3625,75.9875,,
11.792300000000745,1335,,0.044411763327124334,0.6370736005553582,12.762151524857813,2.0235572473261874,2534,25.824944209600982,15.97531851377066,61.860031077362365,0.03987861650496692,0.02466892456319469,79.3625,75.9875,,
11.817959999999962,1335,,0.0444314482387075,0.6367072697121084,12.762152120354724,2.021026596827692,2534,25.792648867997823,15.984879815643465,61.974556771781096,0.03983184591034587,0.024685609956955668,79.3625,75.9875,,
11.841730000000448,1335,,0.04439742200295546,0.6364424502852446,12.761891697498843,2.0259417016415164,2534,25.854848581795547,15.972594545065489,61.777946579473785,0.039845902836234244,0.024615980568277823,79.3625,75.9875,,
11.868560000000521,1335,,0.044403084482353306,0.6361640670383767,12.76175493552627,2.027260238089898,2534,25.871398349039918,15.975262481064128,61.7487399232789,0.039821822507920455,0.024589473613125537,79.3625,75.9875,,
11.892014999999665,1335,,0.04443923656074345,0.6360967250652853,12.761609017598364,2.0286638992048456,2534,25.889015509768814,15.990842186696222,61.76689948160573,0.039778813250655035,0.024570139595507762,79.3625,75.9875,,
11.91689999999944,1335,,0.04442439910273168,0.6359299777518793,12.76166154049305,2.0236348310864347,2535,25.824942795877902,15.989325237351578,61.9142716548582,0.03977215850649698,0.024624642260713335,79.3625,75.9875,,
11.942884999999777,1335,,0.04440171530164798,0.6355448747941083,12.761727429484262,2.0229994461029963,2535,25.816967521164077,15.983496899811994,61.910822356301686,0.03976256752685853,0.024617332545857882,79.3625,75.9875,,
11.968424999999813,1335,,0.04432734622208076,0.6350910835891361,12.761514230977378,2.0272276520965344,2535,25.870494531660782,15.956188845716724,61.6771698205817,0.039802178936959615,0.024548857495240384,79.3625,75.9875,,
11.993410000000148,1335,,0.04428435820821786,0.6344956843591933,12.761172430547678,2.0330720143570327,2535,25.944382538931,15.94053616059189,61.441185338183416,0.039803911108573016,0.02445599479606412,79.3625,75.9875,,
12.021080000000074,1335,,0.044241254585987294,0.6338743353521181,12.761361900180612,2.0251551243345163,2536,25.843737445638027,15.928451364991721,61.633699067315696,0.039795101283058576,0.024527192968333805,79.3625,75.9875,,
12.044979999999516,1335,,0.044186750595934014,0.6334188066368377,12.761406021933908,2.0245715722439135,2536,25.836379853869676,15.912366918249035,61.5889958587435,0.039806699398717595,0.024516546444178656,79.3625,75.9875,,
12.069339999999851,1335,,0.044108725546603944,0.6325416311190862,12.761375518427387,2.022352795027065,2536,25.80800344808159,15.881855900488505,61.53849108257565,0.039827941714269684,0.024509514360209275,79.3625,75.9875,,
12.096514999999664,1335,,0.0439927112277042,0.6318913308843653,12.76156857055076,2.0144431918953547,2536,25.707454924851714,15.839761377148388,61.61543965924024,0.039892730442011484,0.024580081253920943,79.3625,75.9875,,
12.122349999999628,1335,,0.04391918460743745,0.6317310475604522,12.76143049168676,2.0158417229713685,2536,25.725024029941196,15.8142108146133,61.47403709402658,0.03994704857334354,0.024557063457946015,79.3625,75.9875,,
12.14721999999974,1335,,0.04385806647259302,0.6314587275568674,12.761286272545897,2.0165257173233893,2536,25.733461954714734,15.791657636049576,61.36623849460846,0.039986855218755384,0.024538428940035224,79.3625,75.9875,,
12.171245000000111,1335,,0.04384546353532773,0.6315884815515518,12.761358352491044,2.012570081059407,2536,25.68312801390104,15.787213737569719,61.46920160591366,0.04000632993575841,0.024591571603338323,79.3625,75.9875,,
12.194450000000186,1335,,0.04384617795049704,0.631397099587093,12.761079680581059,2.0180567983355506,2536,25.752583603498262,15.786601222386745,61.30103862760501,0.03999575910562168,0.024517815738740994,79.3625,75.9875,,
12.218110000000335,1335,,0.04388995518013608,0.6312551770047782,12.7607461752531,2.025240677468287,2536,25.84358222897044,15.803842100757757,61.151902088255326,0.039943146291907775,0.02442599371139603,79.3625,75.9875,,
12.242604999999516,1335,,0.043963220024958914,0.6312234534038981,12.760706615343736,2.024367323962439,2537,25.83235750277319,15.835406764739254,61.30066434331156,0.039861524416881115,0.024435379284919474,79.3625,75.9875,,
12.268594999999738,1335,,0.044007284434099604,0.6311608033917697,12.760790037683691,2.020713988744078,2538,25.785906936573504,15.855552741628648,61.489218822627045,0.039806925288366726,0.024476967397123475,79.3625,75.9875,,
12.292614999999293,1335,,0.04404145296145691,0.6308837881354558,12.760785959324572,2.019643019580066,2538,25.772232287105187,15.867292167612883,61.5673954465787,0.0397600158534402,0.02447920619010991,79.3625,75.9875,,
12.318594999999739,1335,,0.04405020804352343,0.6306417519812253,12.76082264330829,2.017539386629858,2537,25.74546228867261,15.868438778532692,61.63586654846912,0.03974189022516675,0.02449525842302287,79.3625,75.9875,,
12.34509499999974,1335,,0.04403986477395331,0.6303459818969583,12.760822881774262,2.016087739603311,2537,25.726938559194476,15.863806679135266,61.66224031139432,0.03973485019368116,0.02450139881380021,79.3625,75.9875,,
12.372389999999665,1335,,0.04401032829186261,0.6299678357805543,12.76084042270146,2.014116967262282,2537,25.7018252118894,15.852019451496592,61.67662926975167,0.039740541431210454,0.024510626408319736,79.3625,75.9875,,
12.395330000000074,1335,,0.043989850590945054,0.6300372818274067,12.76051977027543,2.0205188110468137,2537,25.782870234576272,15.842520435535109,61.44591463788777,0.039768752982904144,0.024436274010427726,79.3625,75.9875,,
12.422429999999702,1335,,0.044018147076341406,0.6299295872666442,12.760126545198375,2.027787867158082,2537,25.874829791755037,15.854394932178206,61.273426954986874,0.03973217457754469,0.02434526496739971,79.3625,75.9875,,
12.469559999999591,1335,,0.04409444947950154,0.6296616825197544,12.760062137385347,2.026631586198046,2539,25.8599449694749,15.893796261819215,61.461059876887845,0.039616821063219225,0.024348918114984686,79.3625,75.9875,,
12.491870000000112,1335,,0.04408170891585336,0.6294637811122165,12.760040062237616,2.027739436420399,2539,25.874036444503414,15.892765118714102,61.42360181335489,0.039606939158183876,0.024328008598980596,79.3625,75.9875,,
12.516909999999218,1335,,0.04404077735208194,0.6294220394515708,12.759969284533085,2.026910782177486,2540,25.86331932307365,15.880385038380261,61.401186908800085,0.039635187555614175,0.02433647559267613,79.3625,75.9875,,0.6970400000000373,967,
12.542849999999628,1335,,0.0439887892576803,0.6294650828677041,12.759745797029247,2.0304226428052083,2540,25.90767678272677,15.861399844747686,61.22277955591463,0.039685342342349696,0.024296469658266796,79.3625,75.9875,,
12.568349999999628,1430,,0.04397001449585304,0.6296458453502335,12.759464926403506,2.0347385433081215,2540,25.96217507774134,15.855373729014062,61.07105310528339,0.039711826167681694,0.024252430447942713,79.3625,75.9875,,
12.594580000000075,1430,,0.04398308090691202,0.6300171165830656,12.75927763837043,2.037171157336763,2541,25.99283239334017,15.866989376342227,61.04371057464147,0.039706153551878266,0.024238109454531292,79.25,75.9875,,
12.618879999999889,1430,,0.04399922462381569,0.6301684763044638,12.759318398033388,2.034037594500485,2541,25.952933301801615,15.876513679975977,61.17425531577139,0.039691867434300435,0.024281204323856463,79.25,75.9875,,
12.642390000000596,1430,,0.04406018484381889,0.630554759615728,12.743984143219508,2.419408051871274,2544,30.83289784902512,15.916367650739048,51.62138093108979,0.03961675009350826,0.020450713478287773,79.25,75.9875,,
12.667334999999962,1430,,0.04652452888607232,0.6314265864316956,12.735403043327995,2.620585849973006,2562,33.3742170090485,16.92406167272884,50.709988696185285,0.037309399991679676,0.018919592518395315,79.25,75.9875,,
12.692459999999963,1430,,0.04929875468953772,0.6335825755909872,12.73079357948875,2.723771326579878,2599,34.675770516418666,18.19230763785531,52.464032859028805,0.03482694929106202,0.018271622119860078,79.25,75.9875,,
12.71711999999918,1430,,0.05265520830742677,0.6388785746467447,12.726651559752808,2.817772711765294,2636,35.86081147721668,19.710316054670834,54.96338549726717,0.03241341097091881,0.017815508024759594,79.25,75.9875,,
12.741734999999403,1430,,0.055725001510744804,0.6449602061245657,12.723728215724593,2.8807105122470595,2678,36.65337762601236,21.186404049919005,57.80205105813585,0.030442174358844602,0.017596201166106096,79.25,75.9875,,
12.767825000000187,1430,,0.058366509685634824,0.6535936865516292,12.721480895739138,2.9283207502437016,2706,37.25257648082175,22.42449209346891,60.19581519418774,0.029146420968080126,0.0175449257016655,79.25,75.9875,,
12.792319999999366,1430,,0.060605755704351144,0.6636634929117196,12.719685380341446,2.964344797715694,2732,37.70553318579553,23.509640029612868,62.350636745456356,0.028229419594505294,0.017601222866720674,79.25,75.9875,,
12.817195000000298,1430,,0.06225211387089983,0.6734461256365701,12.718159849385106,2.994877482181903,2751,38.08933054771344,24.310623564678636,63.82528444343593,0.027701721588706294,0.01768070259972049,79.25,75.9875,,
12.841649999999442,1430,,0.06346971077182265,0.6830903597479983,12.717208083959813,3.0104595763201036,2776,38.28464086041225,25.01701802081243,65.34478960381462,0.027305027289012396,0.017842412633269317,79.25,75.9875,,
12.866615000000223,1430,,0.0643588428889491,0.6931717330767869,12.71640789745826,3.0244086383228463,2792,38.459613893509626,25.515556753362524,66.34376731917342,0.027166631705398254,0.018023366927086216,79.25,75.9875,,
12.89280999999959,1430,,0.06496856199791441,0.7040275245829972,12.716246927337307,3.0215724161412507,2807,38.42306095248334,25.890970491858656,67.38393519422425,0.027192009847772092,0.018323046293829824,79.25,75.9875,,
12.918419999999925,1430,,0.06532800383140587,0.7137217280753198,12.716012427276542,3.0221874988861943,2821,38.430173793396655,26.167821697411206,68.09186405997349,0.027274785663413802,0.018571909976580866,79.25,75.9875,,
12.942554999999702,1430,,0.06548281127912838,0.7239315660095818,12.715955419699492,3.0174045759344916,2832,38.36918207078025,26.32598689444224,68.61232237340444,0.027498743690494393,0.018867526669558227,79.25,75.9875,,
12.97005999999959,1430,,0.0654263092333869,0.7341454831666387,12.715826071347138,3.0150257155688,2845,38.3385425998118,26.42985475947997,68.93807893367784,0.027777128926647337,0.019149019064961605,79.25,75.9875,,
12.99356500000041,1430,,0.06532570471632917,0.7421553802835493,12.715996461408357,3.006366274691971,2855,38.22894291068053,26.475614853653163,69.2554196842736,0.028031657976061893,0.01941344237578182,79.25,75.9875,,
13.017540000000038,1430,,0.06513604187259485,0.7500359315824444,12.71577935658756,3.0063752874287784,2863,38.22840481804185,26.476489910015736,69.25868352613078,0.028328374876411197,0.019619859503749573,79.25,75.9875,,
13.04428500000015,1430,,0.06481509122861527,0.7579794869925167,12.715606742390925,3.0050594143190197,2869,38.21115375000025,26.4053971139865,69.10389905195241,0.028705475767718244,0.019836602996906677,79.25,75.9875,,
13.072165000000037,1430,,0.06448715551427735,0.7663790559403999,12.715740330762094,2.9968464853489962,2877,38.10712171885486,26.337432518044917,69.11420052229641,0.029098472503548717,0.020111176635027945,79.25,75.9875,,
13.11975,1430,,0.06384568279455821,0.7791978038682242,12.715223691549216,2.999785000209245,2890,38.14293730421456,26.193451172983806,68.6718250460737,0.029747809814076615,0.020428363910561433,79.25,75.9875,,
13.143900000000373,1430,,0.06360816638821347,0.7848738829034682,12.715638171075163,2.9847572928891752,2895,37.95309376485657,26.142418926556672,68.88086407006897,0.03002300150986247,0.02068010285976312,79.25,75.9875,,
13.169155000000261,1430,,0.06337168111201943,0.7906902377678272,12.715565085870352,2.9837178007820344,2900,37.93965789371391,26.09069784720655,68.76893281509908,0.030305446117167924,0.020840731879631258,79.25,75.9875,,
13.192895000000485,1430,,0.06304670271220934,0.7957213006106161,12.715739414646423,2.975031922784001,2904,37.82973068037586,25.992743259161948,68.70982899343151,0.030613209720760794,0.021034284048535294,79.25,75.9875,,
13.218094999999739,1430,,0.0627036565953048,0.8006112514651196,12.71569246072371,2.972930825831372,2908,37.80287408827709,25.89029898248275,68.48764705568114,0.030923213826414643,0.021178581543708448,79.25,75.9875,,
13.244320000000299,1430,,0.06235476052043108,0.8055883472628597,12.715938504098439,2.962796351929624,2912,37.6747362113043,25.777175653679876,68.42032153617426,0.03125200208455949,0.021382720312747485,79.25,75.9875,,
13.26877999999933,1430,,0.06201986168773209,0.8102495911176604,12.715919077874629,2.9596800794202465,2913,37.63505238630541,25.65477142678071,68.1672265616825,0.0315828029663071,0.021529120852572345,79.25,75.9875,,
13.293114999999291,1430,,0.06168055965740985,0.8142234788981675,12.7160903489346,2.9519471156982307,2915,37.5372262284956,25.531584626788288,68.01670552686315,0.03189083211246774,0.02169109336800349,79.25,75.9875,,
13.318075000000187,1430,,0.0613671540676704,0.8183060494436465,12.715934565162039,2.952086150552376,2918,37.5385343211451,25.42015162426345,67.71748573556991,0.03219123400753346,0.021799094297155402,79.25,75.9875,,
13.343570000000298,1430,,0.061093428183702655,0.8216495892909601,12.715551459068157,2.9588526859847826,2919,37.62344358844154,25.321952893632513,67.30365558938837,0.03244811301649539,0.021838766229877554,79.25,75.9875,,
13.367740000000223,1430,,0.060940220200487075,0.8247358036116925,12.715618646483472,2.954463299856081,2921,37.567828626001074,25.276873699425128,67.28329696949999,0.03262807787936407,0.02195324653501226,79.25,75.9875,,
13.395660000000149,1430,,0.06078751272061709,0.8277816563863679,12.716000697590264,2.940808554207422,2924,37.39532362678099,25.235430374839336,67.48285060104884,0.0328023593848313,0.022135967177284832,79.25,75.9875,,
13.42,1430,,0.060701233460656825,0.8301434189575885,12.716037467240529,2.9366816804804143,2926,37.342954278347825,25.21491104706998,67.52253948394778,0.032922718521906216,0.022230255613143114,79.25,75.9875,,
13.443964999999851,1430,,0.06057962825631566,0.8323543146311523,12.716133327648537,2.9302377641895934,2926,37.26129409114562,25.169553166458098,67.54878964989872,0.03306988841344944,0.02233830936185719,79.25,75.9875,,
13.46784500000067,1430,,0.0604583665929161,0.8342466556182362,12.715960795806968,2.9309028827575467,2927,37.26924615346259,25.124599659260095,67.41375866795157,0.03320437606697389,0.02238431794898885,79.25,75.9875,,
13.492259999999776,1430,,0.06030095723400163,0.835761609614402,12.715991431513949,2.9269958314126385,2928,37.21965391232016,25.065242306622803,67.34410364392427,0.03334344824560403,0.022454846344977825,79.25,75.9875,,
13.517174999999813,1430,,0.06012128730276222,0.8372848394489634,12.715705242925942,2.9322394428654395,2928,37.28549245715831,24.994091888606352,67.03436173553294,0.03349931028422932,0.022456048834838867,79.25,75.9875,,
13.54283999999985,1430,,0.060000850145023904,0.8393555622655466,12.715544570143999,2.932865170835325,2929,37.29297779797957,24.952416313532606,66.90915498543123,0.03363824776401849,0.022507067330810485,79.25,75.9875,,
13.570379999999888,1430,,0.05990916269769414,0.8412064180941846,12.715289820653839,2.934828194447909,2930,37.31719106623138,24.925008024188006,66.79229414655178,0.03374949437439906,0.022542061555522568,79.25,75.9875,,
13.593754999999888,1430,,0.05980754091257965,0.842518064981435,12.715411324644474,2.9283415245651603,2931,37.235066983882504,24.89253441927399,66.8523959686951,0.033846214724085444,0.02262700548776039,79.25,75.9875,,
13.618419999999926,1430,,0.05971965656509399,0.8439204491621028,12.71540014691712,2.9259324042463675,2932,37.20440132282382,24.859134763325468,66.81772553634698,0.03394810226489192,0.02268334979615388,79.25,75.9875,,
13.642915000000038,1430,,0.05959629358155624,0.8451029751534358,12.715240132890939,2.9277511571056967,2933,37.227059011948235,24.814035832298654,66.6559123682976,0.03405745767697432,0.022701309144034055,79.25,75.9875,,
13.669140000000596,1430,,0.059473789486963975,0.8461726808163004,12.715411715378625,2.920743468553462,2933,37.13845571766029,24.769219698417878,66.69426399073313,0.034162266357964814,0.022784272109998466,79.25,75.9875,,
13.694919999999925,1430,,0.059383530634522216,0.8472336691875596,12.715279790996604,2.921032075216552,2934,37.141740114853896,24.735940945955964,66.59876696531903,0.034251119496065595,0.022810823256197682,79.25,75.9875,,
13.72128500000015,1430,,0.0593049929409246,0.8478730045439726,12.715159839849678,2.921199771248927,2934,37.143522015562425,24.705872830063132,66.51462082597294,0.03431868245967192,0.022826941510520463,79.25,75.9875,,
13.743959999999962,1430,,0.05928668755454731,0.8484434287889142,12.714913192577061,2.924795756758291,2935,37.1885241531994,24.70212108252248,66.42404248353941,0.03434698688240235,0.022814657158582642,79.25,75.9875,,
13.771179999999703,1430,,0.05928725117625824,0.8492451327745072,12.714871774647868,2.922298552130981,2935,37.156651377584545,24.7077597894374,66.49619616783558,0.034371595806818575,0.02285580377371763,79.25,75.9875,,
13.793924999999813,1430,,0.05929333627721507,0.8495715284510036,12.71471525490778,2.9217305535961073,2936,37.14897204053858,24.715024040596607,66.52949646527632,0.03437469965861686,0.02286931459432886,79.25,75.9875,,
13.818955000000075,1430,,0.05930047910607655,0.8501035821419016,12.714483623673166,2.9244159265539182,2936,37.18243840697878,24.722606885938582,66.49000965277841,0.034385677289776956,0.02286304014914593,79.25,75.9875,,
13.843895000000485,1430,,0.059305724147121645,0.850732774707608,12.714667080033317,2.917128879653947,2937,37.09032253435051,24.726203298425723,66.66483764201837,0.034406122300295605,0.022936785570406345,79.25,75.9875,,
13.866779999999329,1430,,0.059224131772364845,0.8509921130220016,12.71470540764339,2.915477889542858,2937,37.069442488035314,24.695578141007335,66.61977219910491,0.03445929097763935,0.02295670115073005,79.25,75.9875,,
13.89355999999959,1430,,0.05918996126654219,0.8511399784683851,12.714429352299335,2.9195473920296284,2937,37.120379056650485,24.67808826390778,66.48123993089035,0.034489704768306345,0.02292918337847347,79.25,75.9875,,
13.918,1430,,0.059124678923607725,0.851542899953182,12.714269453523963,2.919501323629785,2936,37.11932649854896,24.646089209421966,66.39691916389003,0.034550832495877086,0.02294068832273856,79.25,75.9875,,
13.943459999999963,1430,,0.05904111017271792,0.8520203138967557,12.714392123932656,2.9129329783380356,2936,37.03617211732482,24.609769132176964,66.44792840420185,0.03462122335730285,0.023005085709119407,79.25,75.9875,,
13.967014999999664,1430,,0.058980933769665914,0.8523475419994354,12.714179012942425,2.9143573295829412,2936,37.05366079599836,24.584238339137613,66.34766393120489,0.034670488068060876,0.023003058906705523,79.25,75.875,,
13.992519999999553,1430,,0.05890380904986092,0.8526407990356302,12.714148987010478,2.9118661417282556,2936,37.02189995616441,24.550501614176618,66.3134567465352,0.03473007649437498,0.023030714254135932,79.25,75.875,,
14.017025000000373,1430,,0.05883710150040295,0.8528465827753737,12.714072212703762,2.910980341742939,2936,37.010414274680805,24.522977062966845,66.2596664845853,0.03477744894453669,0.023043421682496932,79.25,75.875,,
14.041995000000112,1430,,0.058791321080348104,0.8526972764696391,12.713964466975455,2.9104664517537953,2936,37.003567049921884,24.505634182107475,66.22505919239266,0.034795968556987064,0.023043650773431023,79.25,75.875,,
14.067879999999889,1430,,0.05872634341356623,0.8526374784381737,12.713732935550352,2.915478263309535,2936,37.066612019119574,24.47976789296388,66.04263664652386,0.034830292597800475,0.023002843583286463,79.25,75.875,,
14.09494000000041,1430,,0.05870080757329345,0.8523799744246667,12.713433576880414,2.920270413756967,2936,37.12666393182828,24.47107448970334,65.9123979860861,0.034832143344719964,0.022958700948455823,79.25,75.875,,
14.120530000000262,1430,,0.05869693056324689,0.8519010466696116,12.713296713664574,2.9202498545787026,2937,37.12600287929487,24.473745137134774,65.9207650678273,0.03480877331589907,0.022946209680566387,79.25,75.875,,
14.144705000000075,1430,,0.058713901296130154,0.8514159101822142,12.713313245931927,2.91567114010837,2937,37.067840526321184,24.480986997302846,66.04373669925377,0.03477865946646749,0.022969126285563888,79.25,75.875,,
14.170044999999925,1430,,0.05868407841842668,0.8510061828741285,12.71303373239402,2.920004846992148,2936,37.12212011856522,24.466348565154696,65.90773502971017,0.03478272127971491,0.022924503777157115,79.25,75.875,,
14.195554999999702,1430,,0.058612552559867775,0.850698675619775,12.713122528587048,2.914036779491153,2936,37.04650663048022,24.43272853502774,65.95150462830838,0.03481799727771621,0.022962993086097293,79.25,75.875,,
14.225084999999963,1430,,0.05856801584424771,0.8504741471251783,12.713047588578064,2.9113897896265026,2936,37.012636944422006,24.413506989577524,65.95992343435763,0.03483621371924394,0.022977939896642496,79.25,75.875,,
14.249199999999256,1430,,0.05851960297249882,0.8507619619838981,12.712846663227786,2.9152457319713783,2936,37.06107197618138,24.392466913938776,65.81694919568291,0.0348780615337328,0.02295567604009594,79.25,75.875,,
14.2725,1430,,0.05850224390340459,0.8509248634563871,12.712801865145796,2.9138260899173374,2935,37.042893750611604,24.38178280746873,65.82040531611052,0.03490002639166026,0.022971338826420322,79.25,75.875,,
14.296365000000224,1430,,0.058516592054191,0.8511327128992412,12.712618525654273,2.9163952181901265,2935,37.075019878893336,24.383427621110155,65.76780727497747,0.03490619637750871,0.0229570399605851,79.25,75.875,,
14.320189999999478,1430,,0.058505497314188304,0.8508578263998697,12.712302305093592,2.921472279358322,2935,37.138638791153824,24.37598072412205,65.63509465491839,0.03490558332932531,0.02291031265805408,79.25,75.875,,
14.34484499999974,1430,,0.058513620163973205,0.8504851470113686,12.711813823142178,2.930755159132219,2934,37.255213944102195,24.378021672217255,65.43519441008738,0.034887373489401546,0.022828620667363186,79.25,75.875,,
14.368324999999254,1430,,0.058575094106922625,0.8503234610565119,12.711716659992694,2.930696446336241,2935,37.25418284227378,24.40908130327158,65.52037768916955,0.03483635662037563,0.022824912430816136,79.25,75.875,,
14.394464999999851,1430,,0.058628141696107944,0.8503507515023618,12.71202987605855,2.9194487840891408,2936,37.11212016496396,24.43655871691669,65.84522417015197,0.0347983020585337,0.022913019997848123,79.25,75.875,,
14.41871999999974,1430,,0.05871489065911208,0.8503968558777854,12.71173507358008,2.924346130919499,2936,37.1735132796976,24.471957451295527,65.83170459882504,0.034749850214077005,0.02287641874146535,79.25,75.875,,
14.44344000000041,1430,,0.05878917211390388,0.8505107337799722,12.711064530522497,2.9384422507723866,2935,37.350729068781575,24.50069162382016,65.59628750138184,0.03471374387460496,0.0227709272344792,79.25,75.875,,
14.468504999999888,1430,,0.05888577733154949,0.8503457613026946,12.711165522404745,2.931587262816642,2936,37.2638909410358,24.548415223221497,65.87721948324042,0.034639537973038384,0.022819564458478908,79.25,75.875,,
14.492714999999851,1430,,0.05894805212843409,0.8502867982499664,12.71141361951377,2.9220327946072566,2937,37.143167462036565,24.583365950552498,66.18543228893648,0.034587891664642316,0.022892145617872544,79.25,75.875,,
14.517269999999552,1430,,0.05896537057471558,0.8505290327240983,12.711298016592236,2.922195405087425,2937,37.14489665678273,24.58740279987277,66.1932190229504,0.03459206487350097,0.022897601266277587,79.25,75.875,,
14.542674999999814,1430,,0.05895385621294245,0.8510195265500381,12.711174245830907,2.92139815025698,2936,37.134400929364574,24.57768582606124,66.18576094121414,0.034625697983642116,0.022917281691680176,79.25,75.875,,
14.570424999999814,1430,,0.05893820953192528,0.8511176030237765,12.71097033259229,2.9223008378141464,2936,37.145279252365206,24.567538248328226,66.13905923661592,0.03464399218272076,0.022913210511658275,79.25,75.875,,
14.593424999999813,1430,,0.05890200457993978,0.8512949893578261,12.711110828956715,2.915867394461213,2936,37.06391361353772,24.5529647337367,66.24493298184422,0.034671779908848024,0.0229682973642289,79.25,75.875,,
14.620084999999962,1430,,0.05882457102517398,0.8514540783984335,12.710897606005346,2.917589417141989,2936,37.08518033765664,24.52011953569715,66.11837750940958,0.034724711564267055,0.022959415881115698,79.25,75.875,,
14.644679999999703,1430,,0.05877193924838539,0.8514124522566674,12.710263164594998,2.931643332966945,2935,37.26195826674027,24.49433310557223,65.73549605264756,0.0347595686147903,0.02284937485469279,79.25,75.875,,
14.668575000000187,1430,,0.058796089528883086,0.8512245483195756,12.710125466629785,2.9313794815958722,2936,37.25820100138771,24.50947473525251,65.78276480482683,0.03473042802893041,0.022846635785980944,79.25,75.875,,
14.69266000000015,1430,,0.058831297920198165,0.8512215742934571,12.710077664738792,2.9302949709247335,2937,37.24427666104686,24.531819761554097,65.86735455977187,0.034698672278176405,0.02285509749699972,79.25,75.875,,
14.717474999999627,1430,,0.05887359159690929,0.8512354039541375,12.70996331499566,2.928940467702968,2938,37.22672589631095,24.55450155235234,65.95933690420412,0.03466718321034656,0.02286624416891017,79.25,75.875,,
14.743384999999776,1430,,0.058903987360207494,0.8513170147826564,12.709904406978954,2.927676300043205,2938,37.21048590812697,24.569938329444426,66.02960893901742,0.034648724118385134,0.022878417037728714,79.25,75.875,,
14.767879999999888,1430,,0.058827730243706335,0.8511760732894561,12.710100976959875,2.923081554222955,2938,37.15266171806257,24.53915712882541,66.04952645127756,0.03468644292959864,0.022910231297792547,79.25,75.875,,
14.792705000000074,1430,,0.05872547757721202,0.8505150468730065,12.709954755709456,2.923908177874365,2937,37.16274065063205,24.490539617208796,65.90078984605854,0.03472830979499423,0.02288623045508731,79.25,75.875,,
14.818384999999777,1430,,0.05867118761363796,0.8501370236808261,12.709780525346153,2.926545476643916,2937,37.195750705588715,24.463878026253937,65.77062584350047,0.03475070562273419,0.022855756573104784,79.25,75.875,,
14.841875,1430,,0.05860453377256865,0.8498357785790809,12.709710862175893,2.925782793382882,2937,37.18585334942574,24.434863811566267,65.71010642665166,0.03477964048143417,0.022853738775157215,79.25,75.875,,
14.866639999999665,1430,,0.05854445465402729,0.849746292817489,12.709788379421129,2.9230726758747196,2937,37.151635128035934,24.41241636918001,65.71020706100103,0.03480795509822083,0.022872379368741175,79.25,75.875,,
14.891825000000185,1430,,0.05845713056567573,0.8495820534488369,12.709605976582738,2.924673557615582,2937,37.1714485274245,24.374208069166805,65.57239234619523,0.03485578079246611,0.022855769336565638,79.25,75.875,,
14.920690000000409,1430,,0.058337599849395495,0.8494163870075354,12.709696880592555,2.918834523112636,2936,37.097502033370525,24.319716239456316,65.55620973503787,0.034927068171520935,0.022896862064821912,79.25,75.875,,0.452054999999702,763,
14.944270000000484,1430,,0.05822884155491415,0.8496482325020362,12.709808186052731,2.911627300374014,2935,37.006224497028256,24.267139487796662,65.57583168135784,0.03501229442099276,0.022959603257291655,79.25,75.875,,
14.9685,1525,,0.05813190060450473,0.850180307092049,12.709570792032155,2.917561340149107,2935,37.08095239272129,24.22100793345599,65.31927140633636,0.03510094664217966,0.02292768260339864,79.25,75.875,,
14.992284999999217,1525,,0.05811329855447773,0.8502840735048026,12.70956494046135,2.914670369197472,2934,37.04419233735373,24.208433648210388,65.35014565238522,0.03512346506431902,0.02295323557769712,79.25,75.875,,
15.01765500000026,1525,,0.0585165276101471,0.8505021500868538,12.70695599123966,2.972864443342297,2935,37.77605764947176,24.38704583430213,64.55688431173057,0.03487516101235032,0.022514317348272757,79.25,75.875,,
15.0425,1525,,0.06120717995443987,0.8514053096457744,12.68336044391971,3.5432093692097055,2963,44.93980155796009,25.745508341438725,57.288878563991965,0.03307005238950336,0.018945462154471106,79.25,75.875,,
15.067695000000297,1525,,0.06704077772231815,0.8564503309939285,12.667814283550468,3.9103000382056896,3022,49.53495467694998,28.760655710601963,58.061334462036186,0.029778539808402824,0.017289817596067354,79.25,75.875,,
15.094455000000075,1525,,0.07322096889780787,0.8650194324221303,12.658008420090805,4.13712056365242,3112,52.367706929643155,32.35698223853963,61.78804483841874,0.026733625096589702,0.01651818426161561,79.25,75.875,,
15.118785000000148,1525,,0.07864927511272583,0.8776655469156408,12.653253144467147,4.239248584101469,3162,53.64028547695982,35.310565456160795,65.82844431603144,0.02485560725458477,0.01636205958099581,79.25,75.875,,
15.142745000000112,1525,,0.08260585710410143,0.891462377781401,12.650338493316168,4.299549254079421,3204,54.39075343278972,37.57258586374863,69.07899503575882,0.023726404698738497,0.01638996192400561,79.25,75.875,,
15.167759999999776,1525,,0.08526923402617602,0.9094250272207836,12.648383314967978,4.337142697164318,3235,54.85784332544838,39.16074527982429,71.38586372690621,0.023222873332018057,0.016577848710266456,79.25,75.875,,
15.192665000000037,1525,,0.08722987633343651,0.9256943852971958,12.648399431061076,4.325899958215516,3259,54.71571057032027,40.36128844850097,73.76544693983077,0.02293520402546952,0.016918255755949647,79.25,75.875,,
15.21997000000067,1525,,0.0880409175754751,0.9444907740058137,12.64866199443889,4.309387139966318,3273,54.507981336615664,40.908365996963106,75.05023116584023,0.023087961373864933,0.01732756838256553,79.25,75.875,,
15.247604999999515,1525,,0.0882066625028946,0.9614317535085467,12.649227737942272,4.286558188851285,3286,54.221650742721266,41.152594153473636,75.89697766440277,0.023362603823297336,0.017731510205590884,79.25,75.875,,
15.272349999999628,1525,,0.08773258546281798,0.9773264289128079,12.64938722137929,4.27740834681933,3297,54.106594482877554,41.07195451839314,75.90933214506907,0.023795469204542834,0.018062981753954044,79.25,75.875,,
15.295879999999888,1525,,0.08697439366563778,0.9909694455184053,12.650787307094841,4.237192699362013,3302,53.60382361880388,40.77708881602993,76.07123160842129,0.02430211362045159,0.018486917137955427,79.25,75.875,,
15.321,1525,,0.0860002710411726,1.0043912106867763,12.651261819882802,4.220193474376042,3305,53.39077257489216,40.35248493299224,75.57951119060716,0.02489044261721748,0.01881207486327154,79.25,75.875,,
15.345995000000112,1525,,0.08494627442641671,1.015811509097949,12.651869963889064,4.200775985430568,3308,53.147671515095496,39.89304393509875,75.06075581085045,0.02546337428526521,0.019113001193465807,79.1375,75.7625,,
15.369979999999515,1525,,0.08402208422039559,1.025646149068337,12.651833725777713,4.1966913494166125,3311,53.09584115122868,39.4997601904611,74.39332221511862,0.025965882935056982,0.01931688295787744,79.1375,75.7625,,
15.399015000000595,1525,,0.08302116788332088,1.036052312727034,12.653611279982625,4.146128081596391,3313,52.46349306154082,39.056235424415995,74.44459593760214,0.026527193454987885,0.01974806198115177,79.1375,75.7625,,
15.42490500000026,1525,,0.08201107759715379,1.0456759755652407,12.653829924322512,4.135802321546272,3315,52.333739177464736,38.594954521072225,73.74774882833421,0.027093592635128474,0.0199809146451266,79.1375,75.7625,,
15.449889999999664,1525,,0.08126074316240772,1.0526321952552136,12.6542237854773,4.123215380757095,3316,52.17609014382227,38.26119899223829,73.33090480097707,0.027511740953772824,0.02017460856790257,79.1375,75.7625,,
15.47391000000015,1525,,0.0806067523676772,1.0583156983468545,12.654620259183657,4.108280883327456,3318,51.988734496572555,37.96804273791087,73.03128861583268,0.027873854484738357,0.02035663511710649,79.1375,75.7625,,
15.498055000000633,1525,,0.0800014632690231,1.0631080484271744,12.654631781890142,4.105043294089895,3319,51.94781133542499,37.6969838817715,72.56703008787714,0.028201408679309325,0.02046492472151959,79.1375,75.7625,,
15.52419000000041,1525,,0.07934833301538921,1.0683216562263222,12.655345158648561,4.081452105358585,3320,51.652185141805745,37.39871686168384,72.404907476827,0.028565730214152117,0.020682990531636858,79.1375,75.7625,,
15.550354999999517,1525,,0.07880692027738868,1.072935210812739,12.655503240360604,4.073646608643447,3319,51.554047855771124,37.1408364399818,72.04252233284943,0.028888288839336244,0.020811851938656867,79.1375,75.7625,,
15.57425,1525,,0.07824171808673189,1.0762554865399332,12.656253053941573,4.050320310897318,3319,51.26187880423576,36.86968066276491,71.92416962235566,0.02919080033223221,0.020995240745077852,79.1375,75.7625,,
15.597159999999217,1525,,0.0777731888185811,1.0787240512683027,12.656084383342574,4.050053131098253,3318,51.2578141842003,36.63371739275083,71.46952708733102,0.02944620770268221,0.021045065390260215,79.1375,75.7625,,
15.622179999999702,1525,,0.07728100334439014,1.081837097128563,12.656366985114119,4.037586663709652,3317,51.1011785501119,36.39724734382004,71.2258471849674,0.029723047100490417,0.02117049210651119,79.1375,75.7625,,
15.645050000000746,1525,,0.0768758415603416,1.084072170042556,12.65607181271029,4.039518462401516,3317,51.124435748922636,36.208502889291914,70.82425919987772,0.029939712596157988,0.02120457965280137,79.1375,75.7625,,
15.669004999999888,1525,,0.07651945900269608,1.085666759490053,12.656175907060412,4.033404333178907,3318,51.04747474501195,36.0490940055065,70.61876064501898,0.0301163396595825,0.021267785819241488,79.1375,75.7625,,
15.693,1525,,0.07616307621544452,1.086902869189062,12.655828861386482,4.038484519882446,3319,51.11036894299079,35.889100659822816,70.21882526391859,0.030285040561237295,0.021265799712802087,79.1375,75.7625,,
15.718245000000111,1525,,0.07584365300206479,1.0870002236226735,12.656408063350597,4.020012580653172,3319,50.87891964054965,35.73630073440988,70.23793151835844,0.030417256439081265,0.02136445174744537,79.1375,75.7625,,
15.742924999999813,1525,,0.0755838562924798,1.086528770829027,12.656059360213424,4.02324825129788,3318,50.91846868930082,35.60809114921334,69.9315829124599,0.030513535990345578,0.021338598720611807,79.1375,75.7625,,
15.767584999999963,1525,,0.07537391867912259,1.0866659327042585,12.656205679886185,4.0163161327293215,3318,50.831323051267354,35.50970723765327,69.85792441766459,0.030601940067587926,0.02137788016275459,79.1375,75.7625,,
15.792114999999292,1525,,0.07517771313361025,1.0872481209854215,12.655880433826571,4.018592718045004,3318,50.8588289518237,35.41293712627587,69.62987126546103,0.03070200353922916,0.021377765540282555,79.1375,75.7625,,
15.81721999999974,1525,,0.07503144828571152,1.0876159264794647,12.655582640803654,4.0218602030948,3317,50.89898417002561,35.33910007629003,69.42987301719316,0.030776559791605335,0.02136812638237211,79.1375,75.7625,,
15.842125,1525,,0.07485103635138707,1.0884401438311397,12.655389630781293,4.022397205486444,3317,50.90500388519679,35.252833180334754,69.25219622777851,0.030875253011956757,0.02138179080166339,79.1375,75.7625,,
15.866639999999665,1525,,0.07468952642445328,1.0894760212527375,12.65477482723991,4.035160520481634,3317,51.06404777846328,35.178832618870274,68.89158644745602,0.030969646805969673,0.021335481001806402,79.1375,75.7625,,
15.892919999999926,1525,,0.07456235348071719,1.0905080210962903,12.654676981017083,4.033671849828417,3318,51.04481430700027,35.13003131618045,68.82193968793167,0.031042045231369206,0.02136373764703339,79.1375,75.7625,,
15.9175,1525,,0.07447790553253683,1.0915736549847945,12.654948408272551,4.021057831827419,3319,50.886279408456275,35.094694589118546,68.96691013194122,0.03110366588923807,0.021451237301570072,79.1375,75.7625,,
15.941879999999887,1525,,0.0743888271593395,1.092934907531908,12.65475936811643,4.021266083303803,3319,50.88815463937766,35.05616695808859,68.88865828701488,0.031176680235422388,0.021477196712615436,79.1375,75.7625,,
15.966679999999702,1525,,0.07432790187575944,1.0939745273487695,12.655076766504608,4.009098041834073,3319,50.735443483853494,35.02882760985085,69.04212362113034,0.03123069203267085,0.021562333000931112,79.1375,75.7625,,
15.992209999999963,1525,,0.07419466497134854,1.09467351841262,12.65461668164574,4.016379462796966,3319,50.82574254972984,34.9615622927787,68.78711562073289,0.031310772363245455,0.021537777187250133,79.1375,75.7625,,
16.016530000000262,1525,,0.07412189212428043,1.0949927267676984,12.65435906755879,4.01784355832929,3318,50.84323506437693,34.921515992301515,68.68468528425547,0.03135581877399282,0.02153664544321846,79.1375,75.7625,,
16.043224999999627,1525,,0.07405544059628932,1.0945717711375942,12.65487964777003,4.001218582566556,3319,50.63493960680076,34.894967511834984,68.91480029957073,0.031367611125196176,0.021616926565674873,79.1375,75.7625,,
16.068450000000187,1525,,0.0739289929101173,1.0937605988419796,12.65543694193817,3.985153303474558,3318,50.433856336078854,34.83016692737007,69.06108209388229,0.0314026803581721,0.02168703086183668,79.1375,75.7625,,
16.091990000000223,1525,,0.07378374478948851,1.0925755541578095,12.654682663656972,3.999573064979632,3317,50.61332792742713,34.74577860605291,68.64946453604828,0.03144484302813916,0.02158671636301844,79.1375,75.7625,,
16.11702499999944,1525,,0.07376993825822392,1.091125312038364,12.654487010964967,4.000632192544644,3317,50.62594811620449,34.73706290703806,68.61513551766811,0.031410983564108166,0.021552688939945275,79.1375,75.7625,,
16.141894999999554,1525,,0.07393319763220361,1.089938255806404,12.654599355562215,3.9939892649864257,3317,50.54233397881963,34.8203594674719,68.89345371755842,0.03130175197716124,0.02156485801117051,79.1375,75.7625,,
16.16725,1525,,0.07391678193699851,1.0894273719839185,12.654349338351324,3.996272434177575,3318,50.57022743330663,34.820960535741605,68.85664214515235,0.0312865399237246,0.021542860834879267,79.1375,75.7625,,
16.193574999999257,1525,,0.07386891164255883,1.089157357006477,12.653717449125203,4.008475939744686,3318,50.722121943145886,34.798221947762556,68.60561154513147,0.031299224386851385,0.021473024299482318,79.1375,75.7625,,
16.22016000000015,1525,,0.07379033142956218,1.0891635740353338,12.653127318484149,4.018947064622579,3318,50.852248894917636,34.76664839192838,68.36796630916176,0.031327827800858715,0.021418198756283303,79.1375,75.7625,,
16.24568500000052,1525,,0.0737206587693933,1.0892723778489617,12.652661385080961,4.025118175578001,3319,50.9284573105233,34.74262943277766,68.21849957273068,0.031352617681300085,0.021388285358957582,79.1375,75.7625,,
16.268365000000223,1525,,0.07367979417977988,1.0893866866910156,12.653171697649697,4.009618999099364,3320,50.73439763776258,34.72903139055044,68.45263373088905,0.03136818514861981,0.02147234888781185,79.1375,75.7625,,
16.293280000000262,1525,,0.07362085529554138,1.0894387542369848,12.652841292608475,4.014522709945018,3319,50.7951187145068,34.69586751714597,68.305515166041,0.03139966895765344,0.021447705641956638,79.1375,75.7625,,
16.31887999999989,1525,,0.07358247116132594,1.0891954775816577,12.65209365949436,4.028917638802672,3319,50.97424331252027,34.67222057999598,68.01909813044699,0.031414067497311245,0.02136756539776099,79.1375,75.7625,,
16.344964999999853,1525,,0.07359029013591149,1.088567889717885,12.652082127283219,4.024760902318589,3319,50.921605478813305,34.67922148002034,68.1031580876788,0.03138962881116115,0.02137732853240065,79.1375,75.7625,,
16.37259999999963,1525,,0.07365157533458068,1.0874335724001194,12.651915447046928,4.024510027198246,3320,50.91776057990474,34.71542049380558,68.17939378800256,0.03132422298022156,0.021356665336717245,79.1375,75.7625,,
16.397014999999666,1525,,0.07374078176268328,1.0865542269031474,12.651338244220769,4.035275743291474,3320,51.051638337079815,34.75964197582353,68.08722130779672,0.031259074177429146,0.02128343501395452,79.1375,75.7625,,
16.420730000000447,1525,,0.07378866657157737,1.086305351180138,12.651111163558937,4.037101337631784,3321,51.073817800932176,34.790263005687756,68.11760801060143,0.031224407559165078,0.02126931954478467,79.1375,75.7625,,
16.446714999999852,1525,,0.07387808468104497,1.0871224775680608,12.651125753131826,4.032153037672409,3321,51.011275135466136,34.837711937917796,68.29414055108867,0.03120533516969647,0.021311415460230815,79.1375,75.7625,,
16.47109499999974,1525,,0.07389230188496729,1.0877893078676617,12.651033535319408,4.029333460482464,3322,50.97523273354825,34.84806573657775,68.36273984021116,0.031215199032578723,0.021339565305245906,79.1375,75.7625,,
16.499535000000147,1525,,0.07390066454366204,1.087325730475548,12.65168159044305,4.009193166707812,3322,50.723035379767296,34.852359921983776,68.71110859403711,0.0311980518079551,0.02143652725698799,79.1375,75.7625,,
16.52477500000037,1525,,0.07391782867168113,1.0878382827803628,12.651824959932908,4.000388048454085,3321,50.61220936084869,34.8539318485265,68.86467176334713,0.031211350487171868,0.021493594065898753,79.1375,75.7625,,
16.54965500000026,1525,,0.0739569156148511,1.0884389416074012,12.65177987905624,3.998727631588646,3321,50.59102179115945,34.87278798789033,68.93078406648073,0.03121169841612218,0.021514468438698364,79.1375,75.7625,,
16.574669999999927,1525,,0.07403283333167286,1.0883722019131834,12.651317236082493,4.006675930907901,3322,50.689728264092,34.91397396091731,68.87780849606557,0.031172968254244187,0.021471257376697625,79.1375,75.7625,,
16.595834999999962,1525,,0.07415829356318006,1.0881984081475935,12.650985107101565,4.01318377615159,3322,50.77072818415539,34.97838235197143,68.89478170393377,0.031110598460430544,0.021433578896101004,79.1375,75.7625,,
16.61965499999933,1525,,0.07427804505891121,1.0884446019640592,12.649777037645396,4.039841323923445,3323,51.10309201509778,35.04109964755522,68.56943144888916,0.031061941917111004,0.021298996969547197,79.1375,75.7625,,
16.64368500000052,1525,,0.07437475651614597,1.088763271576477,12.650375451160109,4.019766083864106,3324,50.85155018672049,35.09878078747868,69.02204683751111,0.031019974117302902,0.02141062106422863,79.1375,75.7625,,
16.668455000000076,1525,,0.07443310643033271,1.089344939857967,12.650193615733748,4.021417728472334,3324,50.871712874919226,35.13355344492084,69.06304399717271,0.03100582870348546,0.02141356911917617,79.1375,75.7625,,
16.69348000000045,1525,,0.07452536262268457,1.089062008430002,12.649931853234001,4.0236588683135865,3324,50.899010484827514,35.17259851220861,69.10271570543244,0.03096336507670829,0.021396526141792886,79.1375,75.7625,,
16.71778000000026,1525,,0.07451766373664369,1.0889544125700081,12.6504167829035,4.010118519916145,3324,50.72967062577935,35.16411764395145,69.31666854955306,0.03096777298938761,0.02146582856023183,79.025,75.65,,
16.742634999999776,1525,,0.07449644007820029,1.0893681048640909,12.650197253673134,4.008783527122696,3322,50.71190236537763,35.14200431862023,69.29734969400914,0.030999031671249372,0.02148150737898232,79.025,75.65,,
16.767739999999293,1525,,0.0745040636830712,1.0897378031694678,12.650191389238223,4.003362829607561,3322,50.64330599509794,35.143324030467845,69.39381886693884,0.031008387317736624,0.02151790412882899,79.025,75.65,,
16.792540000000038,1525,,0.0744905617835417,1.088680594437705,12.650588216032997,3.9890231755565875,3322,50.46348957817869,35.13930801934175,69.63313142445982,0.030981844999294295,0.021573628846081026,79.025,75.65,,
16.81691000000015,1525,,0.0744339444255352,1.0881043414314473,12.650878579565525,3.980555732456886,3321,50.357527250505576,35.10081068952769,69.70320547098603,0.030999407707585587,0.021607580849207067,79.025,75.65,,
16.84301999999955,1525,,0.07439487151409464,1.0879577032893597,12.650323065787848,3.9892874524508475,3320,50.465775075797,35.06488302487352,69.48250169983096,0.03102698795594468,0.021558327433895606,79.025,75.65,,
16.86797500000056,1525,,0.07439013482335383,1.0877404732851452,12.650416049063292,3.982540712260411,3319,50.380796942427054,35.05972392450778,69.5894587863953,0.031025357633372084,0.021590378463607212,79.025,75.65,,
16.892129999999888,1525,,0.07445696433880432,1.0865285923357997,12.650396758033141,3.979507572153806,3320,50.342349689342846,35.09600771064173,69.71467944427577,0.030958751812854915,0.02158279458628072,79.025,75.65,,
16.91863000000082,1525,,0.0744408777149113,1.0854425150282856,12.650461032766728,3.9759990395141633,3320,50.298220915691864,35.08784606137906,69.75961658801431,0.030934999917906738,0.02158013733423428,79.025,75.65,,0.18004500000085683,1240,
16.94240500000026,1525,,0.07438873298632141,1.0853070964769749,12.650167011868493,3.980631898309878,3319,50.35565832639108,35.056708942293604,69.61821194962037,0.03095861332173208,0.021552833038986845,79.025,75.65,,
16.967044999999924,1620,,0.07435050181656158,1.08587945262723,12.649464597266501,3.992367403919028,3319,50.50131013515451,35.033806725190495,69.37207496484945,0.030995188765668612,0.02150200558601622,79.025,75.65,,
16.99440499999933,1620,,0.07441605173606917,1.0855154295697103,12.649205918127786,3.9934434435811044,3319,50.51388844025471,35.06826939292262,69.4230249852961,0.030954348428405363,0.021489445043487463,79.025,75.65,,
17.0178049999997,1620,,0.07504611558819983,1.0848893878437822,12.64548136652338,4.079868317026551,3320,51.59189878082836,35.377644113059624,68.57209164436883,0.030665959111824983,0.0210282895857853,79.025,75.65,,
17.042054999999703,1620,,0.07908774689019903,1.0857684711967777,12.61008968719316,4.941080237038327,3386,62.30746494067094,38.01969456182293,61.019485543225386,0.028558053495964707,0.017425977324396755,79.025,75.65,,
17.067849999999627,1620,,0.08760651941262412,1.0931491355263578,12.582832733723436,5.594295487309323,3464,70.39208437983706,43.08964019492966,61.21375801633763,0.025369186899244247,0.015529432679215803,79.025,75.65,,
17.092544999999927,1620,,0.09611813728799014,1.1053260977091206,12.56946429342199,5.901772622022493,3561,74.1821202404072,48.590872996618735,65.50213560780803,0.02274760730859963,0.01490016858681058,79.025,75.65,,
17.11752999999933,1620,,0.10382679069230706,1.1239306335489396,12.560605679354007,6.099747295675547,3638,76.61652052468652,53.63585704359363,70.00560280770213,0.020954836847958676,0.01466955985278396,79.025,75.65,,
17.142455000000073,1620,,0.10936301130954654,1.1486149330768443,12.55578343922146,6.200370228260811,3696,77.85050582903887,57.38708863091667,73.71447111331526,0.020015215277152783,0.014754110083744654,79.025,75.65,,
17.168450000000185,1620,,0.11327595046538441,1.1744501670595873,12.552938332174778,6.256088632387365,3741,78.53229480297823,60.16589813745543,76.61293775815363,0.01952019671303552,0.014954996158027053,79.025,75.65,,
17.19283999999985,1620,,0.11529986913703746,1.2017619045386683,12.552036998788989,6.262441686049726,3763,78.60639974605466,61.599513079991105,78.36450120981765,0.019509276038888485,0.015288346857521432,79.025,75.65,,
17.219054999999702,1620,,0.11616870867170533,1.2277007598461336,12.553484997608415,6.213487221183112,3782,78.00091861395379,62.387553882484575,79.98310146994078,0.01967861670227806,0.015739567964863775,79.025,75.65,,
17.24234999999963,1620,,0.1157099563641832,1.2512968818164285,12.552541776573436,6.225801535897872,3793,78.14963387201311,62.315571624731774,79.73878895809924,0.020080003267109795,0.016011551427940113,79.025,75.65,,
17.267129999999888,1620,,0.11476050768791042,1.273925812965818,12.553790281163469,6.184249864747436,3801,77.63577584835285,61.92893251109525,79.76854978825997,0.02057076977287765,0.016409004728106236,79.025,75.65,,
17.292544999999926,1620,,0.11377217430885,1.2942079561215813,12.556094604917355,6.115610919788974,3809,76.788189275736,61.534789657738514,80.13574774732011,0.021032134233659867,0.016854258035363428,79.025,75.65,,
17.319830000000074,1620,,0.11269804859416284,1.3131892911155376,12.560157348977706,6.005133882738411,3815,75.42542646887188,61.04673261574214,80.93654285260973,0.02151121337453702,0.017410432430998473,79.025,75.65,,
17.344759999999777,1620,,0.1111625484677592,1.330480859718765,12.560403465439961,5.99080188773097,3817,75.24688879142033,60.241633267094954,80.05863662228082,0.022085736849460507,0.017681539809662757,79.025,75.65,,
17.36945999999996,1620,,0.10974775203612748,1.3445751442677512,12.560007767888417,5.993245073711053,3818,75.27520468066982,59.495630204064284,79.03748712003485,0.022599561340152004,0.017862125383407017,79.025,75.65,,
17.392464999999852,1620,,0.10848552716176263,1.3563408044126903,12.560568526168765,5.974003939979691,3820,75.0368858637171,58.83164301264455,78.40363087494767,0.023054613724134396,0.01807565424391536,79.025,75.65,,
17.420620000000113,1620,,0.10709188144715717,1.3682027355616337,12.56052297721162,5.968913097494494,3820,74.97267011005898,58.08762183829128,77.47839546466645,0.02355411862738227,0.0182493531783399,79.025,75.65,,
17.44450499999989,1620,,0.1059083169468666,1.3767180027389414,12.560899765801295,5.954954229573462,3821,74.79958318760674,57.44935130224705,76.80437357272014,0.023964030429097172,0.01840542345384412,79.025,75.65,,
17.470405000000262,1620,,0.104901297089362,1.384452617538962,12.564017800282956,5.870168225647227,3821,73.75289807768718,56.91294274438705,77.16705950244578,0.024325795693906575,0.01877150123756028,79.025,75.65,,
17.524304999999703,1620,,0.10304385030788596,1.3977021329099182,12.564859945029747,5.836442918184473,3822,73.33408784414861,55.90974261531985,76.23977369724786,0.024999258940014032,0.0190593784418557,79.025,75.65,,
17.547639999999664,1620,,0.10238304621167273,1.402385921033431,12.566306550720915,5.793324369664064,3821,72.80068997696064,55.54842282080657,76.30205543159835,0.025246187917114804,0.019263360298882422,79.025,75.65,,
17.593365000000222,1620,,0.10142351125363405,1.409446629086448,12.568161232270569,5.735777267116051,3821,72.08817348550679,55.026211922529235,76.33181597199459,0.025614095171057595,0.019551703988863234,79.025,75.65,,
17.617574999999256,1620,,0.1010009517024949,1.4120662147790777,12.567329807628191,5.7515796874492295,3821,72.28199884702954,54.79362963265883,75.80536026489615,0.025770627429606147,0.019535516965537084,79.025,75.65,,
17.643875,1620,,0.10068286832772992,1.4140011660105745,12.5694146222901,5.691549282529831,3821,71.53944277531518,54.62657440342389,76.35868030869383,0.02588485881556482,0.019765336591333896,79.025,75.65,,
17.667990000000223,1620,,0.10035160543923984,1.4153804100097165,12.567284918000952,5.7390607074150175,3822,72.12441107178863,54.4506976815214,75.49551791462699,0.025993797513636736,0.01962415205859949,79.025,75.65,,
17.69268000000063,1620,,0.1000463736210653,1.4169992698134606,12.56793807637704,5.717367710143336,3822,71.85552334095904,54.2897302061323,75.55401127415642,0.026100687265036428,0.01972011619885793,79.025,75.65,,
17.717205000000074,1620,,0.09982774576634305,1.4180070685201083,12.567442047146214,5.7242879630630314,3822,71.9396572369713,54.16876670482818,75.29750458275704,0.026177577131245973,0.019711062340054694,79.025,75.65,,
17.74193500000052,1620,,0.09954060983589591,1.4188775556564686,12.566639437913476,5.739383866679133,3821,72.12476764833434,54.00576103372735,74.87824612073405,0.02627270736487464,0.019672542483251055,79.025,75.65,,
17.766639999999665,1620,,0.09932993378773691,1.4197349928805052,12.565815002000008,5.753893002879999,3821,72.30235501549237,53.885846015547486,74.52847974869043,0.0263470855124159,0.019636082290491033,79.025,75.65,,
17.79674500000011,1620,,0.09892816042115038,1.4201990982426393,12.564842941570186,5.772236811831059,3820,72.52724896220707,53.660048883252216,73.98605303671964,0.026466600903263367,0.019581593381305353,79.025,75.65,,
17.822634999999778,1620,,0.09870992239699933,1.4206003933763334,12.56666968553484,5.7206579876098616,3820,71.8896193142096,53.542933767251895,74.4793675053843,0.02653198645318172,0.01976085569694399,79.025,75.65,,
17.844165000000036,1620,,0.09862649057848559,1.4207704657927684,12.565787742689043,5.737900594015935,3820,72.10124095305362,53.495776012921766,74.19536100322296,0.026558554182849598,0.019705215153201828,79.025,75.65,,
17.86718500000052,1620,,0.09850586359451376,1.420666546783564,12.566510128930767,5.713422657513705,3821,71.79778369650852,53.43369790302996,74.4224893193025,0.02658746451278277,0.0197870529372991,79.025,75.65,,
17.89231500000041,1620,,0.09841895142724663,1.4207653459117786,12.566044360852235,5.719139971803335,3820,71.86696659160391,53.384691880956275,74.28265643146418,0.02661372194635824,0.019769379637038474,79.025,75.65,,
17.919304999999703,1620,,0.09834009338038728,1.4210742229636044,12.568090456954012,5.659939596944464,3821,71.13463283529386,53.351367443531764,75.00055221633362,0.026636134949449983,0.019977248301175324,79.025,75.65,,
17.94421499999985,1620,,0.09829216072932923,1.4214988513423596,12.565672521706732,5.714160800686381,3821,71.8022733577986,53.318841480704556,74.25787372359497,0.026660347671972257,0.019797407308524553,79.025,75.65,,
17.969604999999515,1620,,0.09835908079535648,1.4219136280317133,12.565467350048875,5.712651674787731,3823,71.78213810174725,53.38678899256523,74.37336140209753,0.026634185251893167,0.019808738853894666,79.025,75.65,,
17.993270000000486,1620,,0.09835230669430221,1.4225722147446862,12.567183861977934,5.661927610683337,3824,71.15448529666692,53.397908757977056,75.04503551019063,0.026640972424452288,0.019992727216190314,79.025,75.65,,
18.017164999999107,1620,,0.09828829446785319,1.4235921348091976,12.566832832722493,5.665003559696592,3823,71.19115273148493,53.35676613417026,74.94859134451512,0.02668062999225723,0.019996756341039004,79.025,75.65,,
18.041950000000185,1620,,0.09819029996720277,1.4244771893917418,12.565901909476114,5.6843018977679405,3822,71.42838007120086,53.28650341810687,74.60130464248257,0.026732419994134976,0.01994273407813256,79.025,75.65,,
18.067734999999406,1620,,0.09813018263012781,1.425699731238804,12.565837065815376,5.679669007916228,3821,71.36979534123658,53.23540848947081,74.59095018409286,0.02678104238686901,0.019976233985570257,79.025,75.65,,
18.09225,1620,,0.09791064918534462,1.4266323040488702,12.566181787058023,5.666149901423526,3818,71.20186969400892,53.081338593719906,74.55048416823567,0.026876343774376033,0.020036444410516795,79.025,75.65,,
18.116900000000374,1620,,0.09773308127643918,1.4269768567515342,12.565130565658293,5.689263305423778,3815,71.48633625505845,52.93623212565975,74.05083950139343,0.026956524849826562,0.0199615329516983,79.025,75.65,,
18.14315000000037,1620,,0.09773914802872725,1.4273449886109737,12.5647240261263,5.693684997908501,3815,71.5395806904158,52.94511634960986,74.00814463636205,0.0269589546122792,0.019951822121906788,79.025,75.65,,
18.169400000000373,1620,,0.09785993699624027,1.4284918721028936,12.56654207227285,5.6394762417451165,3817,70.86871545747317,53.03209428669257,74.83145975535004,0.026936365446562187,0.020156875468698196,79.025,75.65,,
18.194445000000297,1620,,0.0978228889320944,1.4297249979314395,12.565097650337464,5.6708073011500595,3816,71.25424749519715,53.005751156580615,74.38960205165796,0.026973016450761878,0.020065119599049996,79.025,75.65,,
18.218895000000483,1620,,0.09789922975710283,1.4308891502925047,12.566002045274534,5.63991834681403,3816,70.87122548124647,53.04408570976222,74.84572948974679,0.026975470142360552,0.020189987411338588,79.025,75.65,,
18.243364999999294,1620,,0.09796636029105342,1.431984383986689,12.565311787007635,5.651136378299623,3816,71.00829054423589,53.077329824239925,74.7480743691111,0.026979209178919827,0.020166439341257038,79.025,75.65,,
18.267679999999704,1620,,0.09791668573768107,1.4326316046947392,12.566440525477562,5.619074490396915,3815,70.61176539180097,53.03655258879055,75.1100787446802,0.027012155480813257,0.020288851252274285,79.025,75.65,,
18.294110000000334,1620,,0.09776460840022944,1.4325971956276193,12.565379727853799,5.641413627197144,3811,70.88650442762116,52.892913918343744,74.61633825145121,0.027084860513437916,0.02020973113564058,79.025,75.65,,
18.31787999999989,1620,,0.09776501934101393,1.4320044350809928,12.56437090950255,5.661176423256925,3810,71.129120365931,52.890707693101724,74.35872596343114,0.027074783029756324,0.020132463718290066,79.025,75.65,,
18.342554999999702,1620,,0.09782188775034255,1.431087743608525,12.565440501685671,5.627743339092694,3811,70.7150740861271,52.935047364520166,74.85680818215388,0.027034787250756573,0.02023737883475224,79.025,75.65,,
18.366854999999514,1620,,0.09782481694372065,1.4300379556745586,12.564468817178115,5.647955463997673,3810,70.96356030820951,52.92076897486996,74.57456861665909,0.0270222444491241,0.020151722228473404,79.025,75.65,,
18.39181500000041,1620,,0.09783446364330614,1.4292205758156282,12.562637918960625,5.687488464241225,3810,71.44985824452795,52.918127625353,74.06330666779985,0.027008147112349654,0.02000312682111005,79.025,75.65,,
18.416665000000037,1620,,0.09788617340545219,1.428337369508522,12.56284681465755,5.675198509829856,3811,71.29664952176527,52.960200619891246,74.28147181547946,0.026970014327552503,0.020033723591351686,79.025,75.65,,
18.441860000000336,1620,,0.09791391745053052,1.4276127988917278,12.561462550894928,5.704216388377325,3810,71.65330054480289,52.97120019245971,73.92709029410061,0.026950735375162294,0.019923894475720343,79.025,75.65,,
18.469430000000635,1620,,0.0979220107682365,1.4274448501176773,12.561310249021586,5.701849861041103,3810,71.62270509787791,52.97756702863957,73.96755952772472,0.026944326253147927,0.019930060560641553,79.025,75.65,,
18.49471499999985,1620,,0.09789094911072199,1.4272748069120562,12.560564634157982,5.715302734367863,3810,71.78742939880739,52.95031350404352,73.75986847207429,0.026954983124001013,0.01988196009893297,79.025,75.65,,
18.518544999999925,1620,,0.09783280349059295,1.4272163702036003,12.558863043466552,5.752181305914499,3810,72.24085722216877,52.92066873436701,73.25587038871278,0.026968978365852683,0.019756359836849032,79.025,75.65,,
18.543139999999664,1620,,0.09792336924435284,1.4272596504341273,12.560405360491249,5.708752777938662,3811,71.70424899374008,52.988448250780564,73.8986168803003,0.026935298117794992,0.01990481276163606,79.025,75.65,,
18.569275000000374,1620,,0.09790086687011763,1.4271416478756835,12.559677928684959,5.721401836262073,3811,71.85896436403836,52.96717945223063,73.70991207707681,0.02694388605613361,0.019860314722123844,79.025,75.65,,
18.596889999999664,1620,,0.09799819312931096,1.426313960931092,12.558232194315659,5.751860390689531,3810,72.23319833556631,53.01596573621382,73.39556735384058,0.026903479756039114,0.019745961604870552,79.025,75.65,,
18.61803000000026,1620,,0.0979735720967816,1.4262106340402958,12.559090280392262,5.725701127415121,3811,71.90959737775026,53.01765136217461,73.72819942749248,0.026900675480653682,0.019833383665718917,79.025,75.65,,
18.64425500000082,1620,,0.09794812853969236,1.4261038552672414,12.558372375582552,5.7373096950086095,3810,72.05127158395808,52.98696920398212,73.54064409847201,0.026914237154746824,0.019792903357791086,79.025,75.65,,
18.66912999999989,1620,,0.09812730936581124,1.4259395472797933,12.559121537685916,5.709783347275006,3810,71.70986301228191,53.08760523620108,74.03110674902369,0.026860121885992096,0.019884845506336686,79.025,75.65,,
18.69353499999922,1620,,0.09817856792181161,1.42634537884598,12.559200197042774,5.703297214991998,3811,71.628851506321,53.11680493592124,74.15560045833467,0.026852996534085335,0.01991300082090678,79.025,75.65,,
18.717919999999925,1620,,0.09819664953593717,1.426658488290809,12.558408767721087,5.718162046556347,3810,71.81101638072317,53.123533349949234,73.97685762906096,0.02685548942862575,0.01986684718020199,79.025,75.65,,
18.742799999999814,1620,,0.09809291814585867,1.4267917525309775,12.55914589691821,5.693659886021929,3811,71.50750519598012,53.07756274119243,74.22656208704684,0.026881259779919644,0.019953034980322408,79.025,75.65,,
18.767549999999815,1620,,0.09792945902909518,1.4271629538412487,12.55831078244376,5.708899414273705,3810,71.69413307016033,52.97546337457412,73.89093236225061,0.026940074950363227,0.01990627255991251,79.025,75.65,,
18.796544999999927,1620,,0.09787990416706668,1.42741096989493,12.55845005270406,5.701412039705071,3810,71.60089833052172,52.95182106543665,73.95412948731759,0.02695678715432597,0.01993565727773082,79.025,75.65,,
18.818384999999775,1620,,0.09783939093683991,1.4276707577731853,12.558711730363731,5.689761631022855,3811,71.45607613850021,52.93832341926359,74.0851251286952,0.02696856767575064,0.01997969710799671,79.025,75.65,,
18.84371999999974,1620,,0.09782310945332795,1.4275623925080347,12.557977358014533,5.703327053320477,3810,71.6222520009503,52.916632240692444,73.88294944983068,0.02697757457456356,0.019931827785715166,79.025,75.65,,
18.86724500000011,1620,,0.09778289876733016,1.427625117526817,12.558090937236205,5.695454282606564,3811,71.52403280984461,52.90306319831769,73.96543667911868,0.026985679679361465,0.019960075815667905,79.025,75.65,,
18.892290000000038,1620,,0.09776598718900198,1.4274100188765841,12.558697941224516,5.674883422424255,3811,71.26914675388862,52.89556759197518,74.21944838856804,0.026985437227695756,0.020028442655639075,79.025,75.65,,
18.917370000000112,1620,,0.09774847591779365,1.427159023105695,12.558525567504072,5.673723833219825,3810,71.25360582244838,52.88014819801472,74.21399603240133,0.026988559445059852,0.020029288435758994,79.025,75.65,,
18.942400000000372,1620,,0.09771882417913433,1.4266641700980858,12.557802463176483,5.685528618708553,3810,71.39774529247866,52.86460535805385,74.04240167738578,0.02698713364897437,0.019981921897586543,79.025,75.65,,
18.968865000000225,1620,,0.09767529222005651,1.4257162304233122,12.55831653006871,5.666787479046694,3811,71.16531087049849,52.85154527376027,74.265881266135,0.026975866515130096,0.02003386499663759,79.025,75.65,,0.15075000000093133,2332,
18.993364999999294,1620,,0.09762497150593719,1.4247688825123244,12.55785720752083,5.673572303284191,3810,71.24791084118793,52.8114439150636,74.12349820723959,0.02697841181551055,0.019997342598411676,79.025,75.65,,
19.018400000000373,1715,,0.09758542634412935,1.4242723537492314,12.557571759747907,5.676422903127985,3810,71.28208794470622,52.79155743380872,74.06006046674632,0.02697916907518815,0.01998078893051007,79.025,75.65,,
19.04199500000011,1715,,0.09753718860939896,1.4235888865132225,12.557329463372088,5.678842044208103,3810,71.3110905195706,52.75957812970802,73.98509508872073,0.026982567658394976,0.01996307833944193,79.025,75.65,,
19.068034999999217,1715,,0.09753324254857708,1.4230550261456938,12.556932937400221,5.683525550298723,3810,71.36764918310176,52.76504809546714,73.93412659578075,0.026969652781723582,0.01993977723008201,79.025,75.65,,
19.09338500000071,1715,,0.09951193445127171,1.4233987724533896,12.507298635958568,6.901266251969184,3844,86.31619797964107,54.30969597879201,62.91947195311097,0.02620892543771978,0.016490517489997865,79.025,75.65,,
19.11731499999948,1715,,0.10514735933896453,1.427273501345128,12.474639013481557,7.689321724005601,3926,95.92151276549153,58.617872453470966,61.11024603706957,0.024348776944745874,0.014879597497951475,79.025,75.65,,
19.14377499999944,1715,,0.1130693689083244,1.4379828703223532,12.454023390480023,8.173826929526578,4041,101.79703177005952,64.87724257017062,63.731959018919326,0.02216467305568735,0.014125980348528118,79.025,75.65,,
19.169174999999814,1715,,0.12154376886173557,1.4564564121904842,12.437598470175779,8.555289112597974,4116,106.40725077876006,71.03195757473561,66.75480952179088,0.020504241498033995,0.013687567355900593,79.025,75.65,,
19.194009999999775,1715,,0.12830524521224387,1.483395668631534,12.431598318137103,8.679023812306138,4199,107.89413782813685,76.49753395162801,70.90054704684691,0.019391418154336,0.013748621551565808,79.025,75.65,,
19.217959999999962,1715,,0.13348575268834764,1.5099382106584116,12.42883738995523,8.725656823298657,4250,108.44976977733232,80.54324402734585,74.26778700657107,0.018746925690573884,0.013922926842155564,79.025,75.65,,
19.24297500000056,1715,,0.13690621904790765,1.5426305943395082,12.427598927781965,8.736348170896031,4273,108.57183116135745,83.06152305319614,76.50375071021105,0.01857214432910822,0.01420838699908155,79.025,75.65,,
19.267370000000113,1715,,0.13896674854485044,1.5739204856984663,12.428044850481404,8.708091372139478,4293,108.22455013503958,84.70164229234798,78.26472106990478,0.018581935876356148,0.014543100283018705,79.025,75.65,,
19.292480000000445,1715,,0.140051204125026,1.6060071080460583,12.429570197146496,8.652836044710632,4308,107.55103302213024,85.6723029346729,79.65735012237822,0.0187459313340821,0.014932512156490383,79.025,75.65,,
19.318495000000112,1715,,0.14010744290210034,1.6371411437052066,12.430973088687058,8.603132674934837,4316,106.94531076051926,85.85560808105238,80.27991827833137,0.019068540544953754,0.015308208766359355,79.025,75.65,,
19.345580000000073,1715,,0.13948788945297325,1.668708279367711,12.43268633532852,8.54618084320299,4323,106.25198578853619,85.62506429118154,80.58678965454203,0.01948854921373262,0.01570519616159261,79.025,75.65,,
19.369394999999553,1715,,0.1386776718167507,1.6955804077722911,12.434331806049642,8.492922771660224,4329,105.603819745978,85.23513389703564,80.71216941021859,0.019892975235078048,0.016056051872469022,79.025,75.65,,
19.393140000000596,1715,,0.13777211548805046,1.7185642596814459,12.435906723243898,8.442480403869872,4331,104.9898988153402,84.71926212935207,80.69277433856679,0.02028540164877129,0.016368853376114927,79.025,75.65,,
19.41764999999944,1715,,0.13676861021943978,1.7394936813798143,12.436896399963427,8.409346881043565,4332,104.58617595089437,84.11723495267772,80.42863618244604,0.020679396824662754,0.016632156836832307,79.025,75.65,,
19.443144999999554,1715,,0.1356220710701299,1.7598534989258638,12.438062540069357,8.368625417993892,4333,104.0894863234221,83.43443852841976,80.15645141064111,0.02109265106789705,0.016907120604454973,78.9125,75.425,,
19.469680000000633,1715,,0.13459269943144792,1.777612749168367,12.438824297890813,8.340468400600102,4334,103.74562099717507,82.81488143733486,79.82494166147973,0.02146489517724502,0.01713434005293361,78.9125,75.425,,
19.493169999999925,1715,,0.13360858591431518,1.7928196593441244,12.439748996801256,8.307920356667754,4334,103.34844392236243,82.21871280572805,79.5548628361473,0.0218054941285729,0.017347330944730326,78.9125,75.425,,
19.517014999999663,1715,,0.13268674542475306,1.805706688334596,12.440266637408056,8.286731365882346,4334,103.08914774414905,81.6572162586836,79.2102932709696,0.022113253072628142,0.01751597261058045,78.9125,75.425,,
19.54393499999959,1715,,0.13181385627684933,1.8185012440417785,12.440462871877815,8.269698852754523,4335,102.87888153930321,81.12223329219012,78.85217265041776,0.022416804496639162,0.01767613738439652,78.9125,75.425,,
19.57174499999918,1715,,0.13098891093541043,1.829357235848692,12.440955254131532,8.246275624906534,4335,102.59154606269773,80.61506340839784,78.57866120774787,0.022692498876805745,0.017831461811977176,78.9125,75.425,,
19.595245000000112,1715,,0.1303640266802245,1.8373884159795872,12.441270580628657,8.229741753202289,4335,102.38844396028695,80.2305943696191,78.3590327837562,0.02290134368835426,0.017945271408678194,78.9125,75.425,,
19.617665000000038,1715,,0.12982367172368606,1.8439569656931407,12.441495449002142,8.215177082796028,4335,102.20908828835348,79.89806613648942,78.1711954137386,0.02307886854912257,0.018041027432814463,78.9125,75.425,,
19.648824999999256,1715,,0.1292540134565654,1.8517236065889155,12.441852491973975,8.195301964468973,4335,101.9647381691075,79.54748269424368,78.01469814232738,0.023278217535888317,0.01816043114353759,78.9125,75.425,,
19.67374500000011,1715,,0.1288635045050461,1.8581526406605573,12.441816742164438,8.187269396474553,4334,101.86450544966763,79.29885166326471,77.84738296545027,0.023432276781901355,0.01824141424393103,78.9125,75.425,,
19.697354999999515,1715,,0.12849106893169615,1.8625484642423382,12.441843351704037,8.177776725487698,4334,101.74661698372913,79.07547987738984,77.71804333311174,0.02355405831403496,0.0183057532472081,78.9125,75.425,,
19.718304999999702,1715,,0.1282031739110745,1.8656205555973326,12.44191211797503,8.169332092496997,4335,101.6421119574007,78.90006033485058,77.62536493527253,0.023645362851177416,0.018354799203495833,78.9125,75.425,,
19.74356000000052,1715,,0.12786908249708692,1.8691637452061878,12.441977838406423,8.156816320731727,4334,101.48692789449596,78.68793054843728,77.5350404046518,0.023754135255286732,0.018417778367962205,78.9125,75.425,,
19.768865000000222,1715,,0.1276175589396517,1.872564453099084,12.442061025401035,8.146229396924564,4334,101.35588328345129,78.53029329681563,77.47975820722537,0.023845122365982754,0.01847514315338046,78.9125,75.425,,
19.793325000000188,1715,,0.12757119884231655,1.8761257030414373,12.440181326569608,8.184018653233311,4335,101.81067602625039,78.51016218141848,77.11387964968996,0.023896596961628398,0.01842759302136159,78.9125,75.425,,
19.820429999999703,1715,,0.1276114046640859,1.880192790869991,12.440549769736757,8.165931499088012,4336,101.5886772306655,78.56096233682801,77.33240010444162,0.02393291445194771,0.018507897160633932,78.9125,75.425,,
19.843415000000036,1715,,0.1275297492769844,1.8835750828349913,12.44060532472389,8.156422942212407,4336,101.47083868558776,78.51076394058782,77.37273581019387,0.023991297349499317,0.018562723115666153,78.9125,75.425,,
19.868740000000223,1715,,0.12739706419938063,1.8863025231270754,12.440388639160568,8.153352350599954,4335,101.43087195347678,78.4113737955996,77.30523487125743,0.024056491192773026,0.018596927018356545,78.9125,75.425,,
19.892905000000262,1715,,0.12727113046427635,1.8890468233558022,12.440460845375773,8.142854922497502,4334,101.30086783290555,78.31338422662314,77.30771305513397,0.024121634405292476,0.018647883910251982,78.9125,75.425,,
19.91815499999933,1715,,0.12719433701938976,1.891471110395001,12.440393864452062,8.136470516596582,4334,101.22089789296321,78.26208978042078,77.31811454901299,0.024168420696430215,0.018686567198753275,78.9125,75.425,,
19.94290500000026,1715,,0.12711290321249974,1.8938037915188868,12.440500991787944,8.125830111294603,4333,101.08939755866085,78.20372844411138,77.36096003414283,0.02421628519760796,0.01873395071347554,78.9125,75.425,,
19.96754000000004,1715,,0.12702732763265304,1.895379990911573,12.440168976795787,8.125558746028602,4333,101.0833238314767,78.14404244561872,77.3065620357897,0.024254951901555237,0.01875066943852675,78.9125,75.425,,
19.993474999999627,1715,,0.1270003766608171,1.8966538557549117,12.439950171246485,8.123121392717893,4332,101.05122536039694,78.1103027599829,77.29772942525362,0.02428173734754228,0.01876923163465399,78.9125,75.425,,
20.017890000000595,1715,,0.12698887219168267,1.8977808955684246,12.43949405547449,8.12451585008022,4333,101.06486662068117,78.1182068873532,77.29511698714067,0.02429370784591911,0.018777849900017348,78.9125,75.425,,
20.04346999999974,1715,,0.12703165613267758,1.8995218746426425,12.439265237545278,8.122534430184162,4332,101.03836017815449,78.12364392643012,77.32077578127722,0.024314302036800062,0.018800006960656698,78.9125,75.425,,
20.069480000000446,1715,,0.127052505588019,1.90089988929852,12.438457945289207,8.134006930306203,4331,101.17450312930465,78.12836828262196,77.22140051705625,0.024330469598727505,0.01878832937651398,78.9125,75.425,,
20.09609499999974,1715,,0.1270390581777268,1.9019072520903861,12.438340371360868,8.128345433295719,4331,101.10312715532888,78.11972508838303,77.2673677722792,0.024346056644958845,0.018811557125907766,78.9125,75.425,,
20.11808499999996,1715,,0.12705443298477492,1.9026954613907647,12.438040084635618,8.128738899048784,4331,101.10558026390558,78.12691737785059,77.27260668889281,0.0243539042016547,0.018818896607134372,78.9125,75.425,,
20.145705000000074,1715,,0.12707312200113383,1.903130315943641,12.437483505256958,8.134742937247045,4331,101.17573110151567,78.13777708189554,77.22976274171444,0.02435608468806307,0.018810146417762148,78.9125,75.425,,
20.168444999999366,1715,,0.12706009340896907,1.9034508021263457,12.437298389069836,8.132153488032259,4331,101.14201947637225,78.12958822852289,77.24740778660714,0.02436273945997132,0.018819584698632697,78.9125,75.425,,
20.19359499999974,1715,,0.1270857006116133,1.9038872949864838,12.43705685072822,8.13097595254348,4331,101.1254101736873,78.14528989670622,77.27562218287993,0.024363429932924615,0.018826992065757504,78.9125,75.425,,
20.21753000000026,1715,,0.12707684869961464,1.9041924724541979,12.436739456858552,8.131529252913525,4331,101.12971070430919,78.13983924492105,77.2669462818818,0.024369034936016547,0.018829209133424916,78.9125,75.425,,
20.242655000000262,1715,,0.12704075603220452,1.9048713844326899,12.436557985919775,8.128649001705163,4331,101.09241465689516,78.11764447645777,77.27349746426265,0.02438464955259575,0.018842871553694414,78.9125,75.425,,
20.26749500000011,1715,,0.12700147944502738,1.9053008464997394,12.435883066562226,8.13910628314316,4331,101.21697400349025,78.09349299125942,77.15454226932978,0.024397690172636908,0.018823926176987263,78.9125,75.425,,
20.29333999999985,1715,,0.12696456002425616,1.9057456420924586,12.435980543021296,8.1287828792914,4330,101.08938572531248,78.06262598692363,77.22138721768589,0.024413035277748563,0.018852084503420474,78.9125,75.425,,
20.318955000000074,1715,,0.12693374883625622,1.9064754870611846,12.435759198189174,8.126283002965991,4330,101.05649860122267,78.03776131357243,77.22191288411437,0.024430166306290593,0.01886544174248798,78.9125,75.425,,
20.34331500000041,1715,,0.12687833379011754,1.906669383796135,12.435016549131593,8.136553939094632,4330,101.1781828855436,78.00094126786158,77.09264887282967,0.024444184298346827,0.018844669170951883,78.9125,75.425,,
20.367964999999852,1715,,0.12689638247264648,1.9063260513040186,12.434843564902197,8.133688331845192,4330,101.14114201216528,78.00838126042252,77.12823852734397,0.02443745172637227,0.018848176057520937,78.9125,75.425,,
20.392110000000336,1715,,0.12691435109170965,1.9059441122860408,12.434710236126525,8.129498805274894,4329,101.08796200853008,78.00971242879197,77.17013072457559,0.02443213867793456,0.018854313356571693,78.9125,75.425,,
20.417020000000484,1715,,0.126902806292776,1.9053015906569595,12.434464979717886,8.1261277125237,4329,101.04405046209096,77.99981367114111,77.19387070731548,0.024427001821953013,0.018856148204112005,78.9125,75.425,,
20.442209999999964,1715,,0.1269280696295308,1.9040598875860437,12.434302996709425,8.121769899823157,4328,100.98854780395548,78.00075528308084,77.2372283583087,0.024410787827320615,0.018854215938249843,78.9125,75.425,,
20.46718999999948,1715,,0.12696014656061166,1.9030758314791396,12.43412318788363,8.118181809996324,4330,100.94247268713039,78.04415888050494,77.31548158365565,0.02438460300908591,0.018853073248737362,78.9125,75.425,,
20.493450000000188,1715,,0.1270405422244994,1.9023589130406764,12.433958223733931,8.115376247280006,4329,100.90624922856225,78.08692120602701,77.38561467006143,0.024362068367651892,0.018852736352648017,78.9125,75.425,,
20.51909499999974,1715,,0.12716227495928156,1.901792271274728,12.433617410894827,8.115697173111133,4329,100.90747367314452,78.16411687884082,77.46117708984264,0.024330758757533495,0.01884689212847542,78.9125,75.425,,
20.54549999999907,1715,,0.12723403776384332,1.901203213019402,12.433201487069093,8.118628407631055,4330,100.94054279071982,78.2123892745619,77.48362264775984,0.02430821038269645,0.018834882005352098,78.9125,75.425,,
20.567155000000263,1715,,0.12725916500080955,1.9006982183973447,12.43318380433431,8.112009306836937,4330,100.8581027343742,78.23715471144202,77.57151145058911,0.02429406111977857,0.018845270403342156,78.9125,75.425,,
20.594784999999217,1715,,0.12725820201554128,1.9002352231568174,12.43309461903938,8.10621262543156,4330,100.78530857404222,78.22982121225807,77.62026263459451,0.02429042011998186,0.018854287892176306,78.9125,75.425,,
20.620855000000446,1715,,0.127202961298755,1.899957804590308,12.432705316673461,8.108295230841366,4330,100.80804522563952,78.20196296651046,77.57512090574748,0.024295525745356976,0.018847283471647686,78.9125,75.425,,
20.64877999999933,1715,,0.12723397607955506,1.899296348149955,12.432529316241723,8.1048935802642,4330,100.764327041654,78.21685323226983,77.62355540759629,0.024282443868073753,0.0188488962702527,78.9125,75.425,,
20.67475,1715,,0.12728668337725688,1.8991764495717163,12.432473498457187,8.097387629713596,4330,100.67055711314934,78.2470018379665,77.72580591763315,0.02427155552240227,0.018865262138532964,78.9125,75.425,,
20.699129999999887,1715,,0.12732409484780122,1.8990258655612864,12.431962594159533,8.103386145454907,4330,100.740993446326,78.26708564916274,77.69139748543657,0.02426340331712097,0.018850577114599056,78.9125,75.425,,
20.723879999999888,1715,,0.12738834168326812,1.8982018774205969,12.431347013978357,8.111914228580616,4330,100.84202072311419,78.30780625102163,77.65394395064175,0.02424026375270642,0.018823520828014372,78.9125,75.425,,
20.74899500000011,1715,,0.12742218738585057,1.8971530625432638,12.43111276502386,8.111509320877293,4329,100.83508706236773,78.32113848723708,77.6725054432635,0.024222746236667855,0.018814413889183743,78.9125,75.425,,
20.773955000000075,1715,,0.1273806601042638,1.8964527928552388,12.430936943378551,8.110064988098094,4329,100.81570647374951,78.29350852719548,77.6600306298321,0.02422235033951123,0.01881108469292966,78.9125,75.425,,
20.794834999999964,1715,,0.12738600189543176,1.896171062540609,12.430745907557071,8.110445705233397,4329,100.81888975879387,78.2962304826565,77.6602784160566,0.024217909991984,0.018807696326324765,78.9125,75.425,,
20.820264999999665,1715,,0.1273541268683016,1.8958779758245645,12.430675170925257,8.104882781853927,4329,100.74916515965124,78.26829965322723,77.68630095266803,0.024222807755175144,0.018817803331871573,78.9125,75.425,,
20.84421999999974,1715,,0.12738091773479782,1.8957398257247966,12.430130547575047,8.11147516844147,4328,100.82669527714076,78.28244413028047,77.640593014684,0.024216666288163387,0.018801963314517115,78.9125,75.425,,
20.86741000000015,1715,,0.1274567483693926,1.8955697106653817,12.429662007478324,8.117157724312998,4328,100.89352697460248,78.32372436638715,77.63007867303843,0.024201731033603284,0.018787822841623385,78.9125,75.425,,
20.89241500000004,1715,,0.12753094905955384,1.8947471489518302,12.429379893039684,8.116185432129328,4328,100.87915201828986,78.36485382699784,77.68191173215843,0.024178532293759755,0.018782346114569876,78.9125,75.425,,
20.91740500000026,1715,,0.1276110583473368,1.8944362115451872,12.429258272864923,8.111312296168917,4328,100.81759546094848,78.41945469063127,77.78350032262664,0.024157732529750866,0.01879072996021804,78.9125,75.425,,
20.942325000000185,1715,,0.1277147636390064,1.8940717190971914,12.428669755195315,8.119777798782547,4328,100.91803674663504,78.47769088440785,77.76379071011264,0.024135161187235066,0.018768416233189814,78.9125,75.425,,
20.967455000000076,1715,,0.12777287002472584,1.8932390349731856,12.428768539785368,8.11068589401364,4328,100.8058376755977,78.51880289373585,77.8911268476499,0.024111919249907795,0.018781045608348593,78.9125,75.425,,
20.993205000000074,1715,,0.12781701244212273,1.8927110145619073,12.428226340130893,8.119074142006903,4328,100.90569110916583,78.54166868233676,77.8367085334817,0.02409817675528403,0.018757227602893667,78.9125,75.425,,0.17395999999996276,2931,
21.0178200000003,1715,,0.12795768301371369,1.8921026148809215,12.428202271981272,8.111098160589068,4328,100.80636858769617,78.63755555378438,78.00851935795494,0.02406105583466175,0.01876967339851046,78.9125,75.425,,
21.042294999999925,1810,,0.1280158396261803,1.8913636740651425,12.4281113764261,8.106370740512084,4328,100.7468784216859,78.67241266530624,78.089181419612,0.024041002557167224,0.018773422101959876,78.9125,75.425,,
21.068765000000596,1810,,0.12802334900854315,1.8907764588038987,12.42777812516766,8.106787710357446,4328,100.74935897215829,78.67190939720858,78.08675926062146,0.02403369224531605,0.018767131405038592,78.9125,75.425,,
21.09215499999933,1810,,0.1279925558777905,1.8904502333221171,12.42754889675433,8.106239619697934,4329,100.7406892426033,78.6620140265427,78.08365678053798,0.0240325684095023,0.01876550823242377,78.9125,75.425,,
21.117049999999814,1810,,0.13095120018378986,1.8915126368625785,12.378549365896475,9.307767203487995,4382,115.21665581464832,81.47845606588828,70.71760197324643,0.023214880695984104,0.016417006929150057,78.9125,75.425,,
21.1443049999997,1810,,0.1357978401998223,1.8963823272197462,12.341832284341972,10.195634418950718,4448,125.83281003115418,85.76758246370618,68.15995163937887,0.02211071214490893,0.015070650705092198,78.9125,75.425,,
21.167759999999777,1810,,0.14351042861857477,1.9123530992309596,12.319896303390244,10.712931305205586,4561,131.98220278547592,92.92462914779027,70.4069391074114,0.020579615079114204,0.01448947705729159,78.9125,75.425,,
21.193084999999964,1810,,0.15061665380887193,1.9313683558928372,12.306021493903904,11.028271088914334,4642,135.71414106077881,99.2644736486047,73.14232170113331,0.01945679340153319,0.014231150422474284,78.9125,75.425,,
21.217549999999815,1810,,0.15668012012795057,1.9555191180227514,12.298253925844033,11.195456987104196,4704,137.68457284327218,104.64996636321756,76.00703855350717,0.01868628520371965,0.014202891999009502,78.9125,75.425,,
21.242950000000185,1810,,0.16182257163245956,1.9854758816090357,12.292856020088102,11.305448528797733,4732,138.9762510070274,108.72139876160851,78.23019974550253,0.018262052403892937,0.014286440073193794,78.9125,75.425,,
21.267949999999257,1810,,0.16512687611739343,2.0191932228434615,12.290151849895597,11.351266087420354,4760,139.50878390296643,111.59389329511413,79.99058566285822,0.01809411933952005,0.014473592030218582,78.9125,75.425,,
21.292689999999478,1810,,0.16724117355288665,2.052013525458783,12.289142698680088,11.356094458090666,4780,139.5566652951663,113.50967804461955,81.33590595944905,0.018077872836994184,0.014703801650166375,78.9125,75.425,,
21.31712999999989,1810,,0.16810027758487958,2.083076355461495,12.28876333169646,11.348559898708519,4790,139.45976675081013,114.3135122988623,81.96881076326498,0.018222485807412522,0.014936754907840789,78.9125,75.425,,
21.34409499999974,1810,,0.16847053811431426,2.1182408642963444,12.286807446952233,11.378037610750761,4799,139.79975724747504,114.79236494605905,82.11199161301288,0.018452802721607018,0.015151963823131763,78.9125,75.425,,
21.367945000000297,1810,,0.1684858793435879,2.1443925160231037,12.288042508470348,11.331790763404864,4809,139.24552659781062,115.02948374952733,82.60910534079301,0.018642111970983397,0.015400081915858259,78.9125,75.425,,
21.393125,1810,,0.1681651302024337,2.169848541043213,12.289314657819832,11.285072627738758,4812,138.6858084586313,114.90264775551599,82.85104945672245,0.018884234466555603,0.015645786437409413,78.9125,75.425,,
21.417639999999665,1810,,0.1675909985631008,2.191384963024242,12.290676037234428,11.239621184194288,4815,138.14254275616918,114.57519590769422,82.93983418991144,0.019126172516342004,0.01586321577193047,78.9125,75.425,,
21.442584999999962,1810,,0.16681246206550132,2.210653620228114,12.291798628428245,11.197412146472267,4816,137.63633526395358,114.07340610821636,82.8802989337451,0.019379219886981942,0.016061555373358415,78.9125,75.425,,
21.468395000000484,1810,,0.16598366293069897,2.2279559342027015,12.292598133965663,11.166170178629757,4817,137.2612427013672,113.52685125388591,82.70859932463304,0.019624924937098887,0.01623150053398511,78.9125,75.425,,
21.492650000000374,1810,,0.16502915831520285,2.2428558888530605,12.293489007483926,11.134069531250304,4818,136.87656139098732,112.894956216619,82.47939243164872,0.019866750154449282,0.016385974823303402,78.9125,75.425,,
21.517675000000747,1810,,0.16417001381739693,2.25530463713604,12.293957040247486,11.110685894439673,4819,136.59429507392505,112.32418461156954,82.2319735613991,0.020078531127870218,0.01651097240858753,78.9125,75.425,,
21.542740000000222,1810,,0.1633500151938349,2.267111893829194,12.294656490672303,11.082145716393782,4819,136.25117476263708,111.76904978442495,82.03162283124355,0.020283897001915074,0.016639209884088894,78.9125,75.425,,
21.567415000000036,1810,,0.16265062899365304,2.276251968967645,12.294960163750355,11.063161846218819,4820,136.02113418438321,111.30537000865576,81.8294676603534,0.020450513472895605,0.01673454630867932,78.9125,75.425,,
21.59315000000037,1810,,0.16193835049311803,2.28432087194162,12.29525459668798,11.046661437015755,4821,135.82151481152383,110.83510700791999,81.60349791542461,0.020610084057377128,0.01681854951412901,78.9125,75.425,,
21.619860000000337,1810,,0.1612858110843808,2.2922877898126703,12.295597203782647,11.026489539852818,4821,135.57727395375292,110.39141275964869,81.4232426573974,0.020765091527577308,0.01690761086252994,78.9125,75.425,,
21.64514999999944,1810,,0.1606712679822904,2.2986624323334257,12.295799877068987,11.010493802832787,4820,135.38282834734022,109.96553682060444,81.22561639684112,0.02090348029749918,0.01697898072003595,78.9125,75.425,,
21.669650000000374,1810,,0.16017412990457192,2.304014947020206,12.296013037489228,10.99710627848409,4821,135.220562174895,109.6312295589061,81.07585695222038,0.02101604585016747,0.017038939270494827,78.9125,75.425,,
21.696610000000334,1810,,0.15966285279476317,2.3093557868005608,12.296431312517479,10.975187548526788,4821,134.95563983245674,109.2777029104938,80.97305384655186,0.021132909324531525,0.017111962046695895,78.9125,75.425,,
21.721834999999963,1810,,0.15925902962231644,2.3123637253551985,12.296291643515122,10.967248317091553,4820,134.85648383380814,108.99831018160572,80.82541312283581,0.021214674993607626,0.017146848706250307,78.9125,75.425,,
21.746254999999888,1810,,0.15891736332054485,2.3149464828684496,12.296160564402872,10.961350931482096,4820,134.78253105627084,108.75904589337075,80.6922418217273,0.021285093702808528,0.017175419282651507,78.9125,75.425,,
21.79333999999985,1810,,0.15827939585159662,2.3191755765058217,12.295588279400654,10.954874945177187,4820,134.6966319782205,108.31496862041529,80.41401409199976,0.021411404222746566,0.017217769608974455,78.9125,75.425,,
21.818730000000446,1810,,0.1580070969925511,2.3210881251514324,12.295474501872476,10.949050920285597,4820,134.62377641007492,108.12113251609213,80.31354891334084,0.021467478846524057,0.017241294123864197,78.9125,75.425,,
21.843395000000484,1810,,0.15778929152170137,2.323551160057507,12.295245836323923,10.944762907105579,4819,134.5685505631424,107.9715390930331,80.23534372718876,0.02152003370124632,0.01726667301040185,78.9125,75.425,,
21.868695000000297,1810,,0.1576795117762886,2.3256604831502936,12.294921738728332,10.942941269519437,4819,134.54260650024193,107.8933191910688,80.19267799072615,0.021555185256945983,0.01728568030340717,78.9125,75.425,,
21.892645000000485,1810,,0.15758786790717205,2.3270430705335188,12.294733244503488,10.93759592387684,4819,134.47482422023444,107.8184625414142,80.17743333490877,0.02158297397015541,0.017304674566612062,78.9125,75.425,,
21.917455000000075,1810,,0.1574772102936107,2.3290761679333967,12.294326451761917,10.938576214566051,4819,134.48242689935313,107.73788150484083,80.11298129343847,0.02161798742839349,0.017318814224526753,78.9125,75.425,,
21.944625,1810,,0.15746128966789083,2.3307876390645075,12.294293699599766,10.927644337830769,4820,134.34766893405987,107.76655638238121,80.21468272387732,0.02162811652619132,0.017348925050634845,78.9125,75.425,,
21.968080000000075,1810,,0.1574968754060914,2.332616578469547,12.294209401015104,10.919287258739113,4821,134.24400406877484,107.80974564739829,80.30879769659288,0.021636416675154625,0.017375946096441816,78.9125,75.425,,
21.993334999999963,1810,,0.15740472516450527,2.334425033709289,12.29416589003641,10.910625306345851,4821,134.13703748024523,107.73547397151027,80.31746935470885,0.021668118658173887,0.017403284563020763,78.9125,75.425,,
22.016944999999367,1810,,0.15728037192562555,2.3355084112353772,12.294052252145145,10.903905452972786,4820,134.0531833912978,107.64076321818459,80.29705859650043,0.021697248713309213,0.017422252513154338,78.9125,75.425,,
22.04219000000041,1810,,0.15709369424671205,2.3368140031553337,12.293777492839245,10.90010745482529,4820,134.00349569766044,107.49837276390343,80.22057350387483,0.021738133732383397,0.017438455549157232,78.9125,75.425,,
22.067895000000483,1810,,0.1569391909123782,2.337852566845367,12.29368505419145,10.892420556268512,4819,133.90798779656592,107.38721624869063,80.19478002450022,0.021770306080300058,0.017458649071757024,78.9125,75.425,,
22.092700000000185,1810,,0.15678822525268354,2.3382760967625433,12.293395546385979,10.890618366986239,4818,133.88267933009797,107.26251298771965,80.1167959323967,0.021799564746634734,0.017465112802212038,78.9125,75.425,,
22.118265000000598,1810,,0.15671995209994802,2.3386734820660986,12.292891211673178,10.894351004683369,4818,133.92307172235505,107.20536151791569,80.04995714268738,0.021814892920959644,0.017462812433951338,78.9125,75.425,,
22.142704999999143,1810,,0.1566356142741068,2.3390685119650496,12.292365850258866,10.897959966797215,4818,133.96171093334632,107.14924907171878,79.98498102568405,0.02183000377724932,0.017460724379138984,78.9125,75.425,,
22.170730000000447,1810,,0.15659714102850358,2.339096193497143,12.292196769110795,10.891853645153438,4818,133.88480818658272,107.11899681481422,80.0083282529953,0.02183642736629562,0.0174709604859527,78.9125,75.425,,
22.196950000000186,1810,,0.15649744403414548,2.3397225855686528,12.291803640348665,10.895817675165791,4818,133.92925136417819,107.04887740752304,79.9294226743921,0.021856582172847944,0.017469839947111463,78.8,75.3125,,
22.219634999999776,1810,,0.15649235224841165,2.340672012226833,12.291351498893299,10.89718032986304,4817,133.94107378117266,107.03244982906185,79.91010285905801,0.02186880722589314,0.01747538634826032,78.8,75.3125,,
22.245820000000297,1810,,0.15643559309860083,2.342058831988862,12.290779238311744,10.900906221314978,4817,133.98063186372147,106.99006425426913,79.8548736231474,0.021890432988457702,0.017480577598492666,78.8,75.3125,,
22.27212000000011,1810,,0.1563994792121322,2.3435975374277294,12.290545770867055,10.898039694425721,4817,133.94285567706535,106.96435524163668,79.85820124630348,0.021910079597389713,0.017496995458108757,78.8,75.3125,,
22.295794999999927,1810,,0.15637541795429652,2.3442575139841964,12.29028696120027,10.895147708908883,4817,133.90449182715383,106.94768398859728,79.86863064059654,0.021919666013844118,0.01750693708624953,78.8,75.3125,,
22.320764999999664,1810,,0.15639273331425527,2.344765597734654,12.290084362224079,10.890699776093806,4817,133.84761901184777,106.9594724521532,79.91137477214704,0.021922000398642127,0.017518171896110477,78.8,75.3125,,
22.34509999999963,1810,,0.15642248524897492,2.345021194570237,12.289841591051015,10.888601052536853,4817,133.81918208382928,106.99048860650659,79.9515338088704,0.02191803425811839,0.01752380457011932,78.8,75.3125,,
22.3698049999997,1810,,0.1564587183091102,2.345043639383765,12.289450820052021,10.890345613263252,4817,133.836366827568,107.00775393420967,79.95416826584677,0.02191470760918448,0.017521722196815685,78.8,75.3125,,
22.39503500000015,1810,,0.15644960082199869,2.3450282393967776,12.289166613302799,10.888857988909647,4817,133.8149900543039,107.00990616362608,79.96854920379252,0.021914122939338494,0.017524406185324484,78.8,75.3125,,
22.418754999999887,1810,,0.15645474731027037,2.3450357469272007,12.288893612036354,10.886967465635006,4818,133.78878494288963,107.01768388101108,79.99002601503084,0.02191260044026516,0.017527894792737864,78.8,75.3125,,
22.44390500000026,1810,,0.15630124229728345,2.3443665048200373,12.288850573353214,10.878863498390121,4818,133.6887279396228,106.91371998175474,79.97212751552223,0.02192764881083656,0.01753600726815811,78.8,75.3125,,
22.468025000000374,1810,,0.15618981547011207,2.3441410328105956,12.288626973657431,10.874183115795661,4818,133.62877995325678,106.84487790958917,79.95648687877222,0.021939666914067506,0.017542186897392714,78.8,75.3125,,
22.493695000000297,1810,,0.15605283421789007,2.3441146836522995,12.288230253643743,10.87571412034096,4818,133.64327928355425,106.7577800885325,79.88264030997165,0.0219573194731884,0.01754008653647845,78.8,75.3125,,
22.51968499999959,1810,,0.1559226846458963,2.3434819337522304,12.288005345666905,10.874763774151745,4818,133.62915538964145,106.67142095642848,79.8264575162445,0.0219691639310726,0.017537205312111778,78.8,75.3125,,
22.542770000000484,1810,,0.1558626530871186,2.3429488418363777,12.28791342147482,10.869325120892407,4819,133.56132603538722,106.632771279422,79.83805974730255,0.02197212745879859,0.017542120248309086,78.8,75.3125,,
22.56791000000015,1810,,0.15580427849850495,2.341936169004725,12.28757905396276,10.870842074821914,4820,133.5763313775188,106.62387336567828,79.82242981680159,0.021964463445937644,0.017532568418770617,78.8,75.3125,,
22.594625,1810,,0.1556930951983537,2.340368622480491,12.28761948330863,10.860077988664855,4820,133.44450588376947,106.556710561291,79.85095366466581,0.021963596756623977,0.017538141469225856,78.8,75.3125,,
22.618104999999517,1810,,0.15557522064782686,2.3389699610575816,12.291173144058298,10.759598488247521,4820,132.2480879795982,106.4762450570299,80.51250243667484,0.021967059035607448,0.017686228941309248,78.8,75.3125,,
22.642984999999403,1810,,0.15505131142210932,2.336217494843929,12.2941790040998,10.678399492661063,4818,131.28215484006358,106.06011173223939,80.7879120063566,0.022027296187863452,0.01779539266163067,78.8,75.3125,,
22.669339999999853,1810,,0.15423409001996705,2.3314554379786387,12.296177812386148,10.62256489759234,4809,130.61694680440687,105.3016055188093,80.61863953725225,0.022140739701848013,0.01784956313111415,78.8,75.3125,,
22.694265000000595,1810,,0.15347849882378256,2.326889318935033,12.297193136324811,10.591493374786545,4801,130.2456396318548,104.6237881179418,80.32805429315383,0.02224053784319054,0.01786539131376752,78.8,75.3125,,
22.719395000000485,1810,,0.15275444499292692,2.3219844692979996,12.301689742492371,10.471518619393223,4796,128.81737318850747,104.00916708750802,80.74156809214246,0.02232480592162035,0.018025398374643745,78.8,75.3125,,
22.745950000000185,1810,,0.15192268077491083,2.3164312747454554,12.305001934355252,10.385417057480081,4788,127.79257698137843,103.27031255964422,80.81088510695929,0.022430756887731797,0.0181264931771663,78.8,75.3125,,
22.771044999999926,1810,,0.1509258469513743,2.3105697027484333,12.306876272523162,10.335238038294243,4778,127.19449578436225,102.382681911004,80.49301290881118,0.022567973993462026,0.018165642219814537,78.8,75.3125,,
22.798714999999852,1810,,0.14984161508960464,2.3034630912028233,12.310186344444771,10.247977593455687,4769,126.15451382913419,101.45554668968957,80.42165405758107,0.02270416124461052,0.018259062012816067,78.8,75.3125,,
22.822609999999404,1810,,0.14882900807394447,2.297056629434817,12.313857676440117,10.152256734800922,4758,125.0134445270192,100.53569187990131,80.41990384336022,0.02284817050027221,0.018374476746285905,78.8,75.3125,,
22.84712000000011,1810,,0.14773075369866906,2.2909423921051997,12.316236474664846,10.088637871674395,4744,124.25404973480131,99.51035262130502,80.08620470213452,0.023022151281320173,0.01843756720199316,78.8,75.3125,,
22.870054999999702,1810,,0.1468301776031777,2.2845161899717326,12.31748709635348,10.054460996329265,4736,123.84569358307508,98.72523493457882,79.71632446658667,0.02314014437631461,0.01844647257305956,78.8,75.3125,,
22.89400499999989,1810,,0.1460361960693222,2.277100377675646,12.321415474848676,9.952091141886541,4728,122.62384980274526,98.03730284019962,79.94962072867882,0.023226877032585344,0.018569800094668593,78.8,75.3125,,
22.918875,1810,,0.1452282576335353,2.269439261278922,12.324994201048206,9.860788594222067,4722,121.53416224154925,97.37255907129055,80.11949667103683,0.023306764071152425,0.018673262064113374,78.8,75.3125,,
22.94403000000026,1810,,0.14427111693798256,2.259722474343049,12.327223304245507,9.80179711890922,4709,120.82894186770422,96.4641447784962,79.83529714603885,0.0234255171134507,0.018701831195519547,78.8,75.3125,,
22.968400000000372,1810,,0.14351323848354733,2.2507331314633237,12.32812356047513,9.77734829525529,4699,120.53635787770808,95.7397062397622,79.428072927918,0.023508878602852435,0.01867264924120934,78.8,75.3125,,
22.99275,1810,,0.1429433126399143,2.241316855461825,12.328515216144897,9.765273004155432,4693,120.39131682153923,95.24694196522951,79.11446147434185,0.023531641113265674,0.018616931142834962,78.8,75.3125,,
23.0156799999997,1810,,0.14231646458136166,2.232542582466464,12.332179384542995,9.674031919958164,4682,119.30189700871895,94.60674460205432,79.30028522106414,0.02359813342967501,0.01871338711657957,78.8,75.3125,,
23.04258999999985,1810,,0.141469206932177,2.2216883036548274,12.335091106907795,9.599502734464807,4674,118.4107408106339,93.88361794486717,79.2864036675598,0.023664280864841684,0.01876255725152349,78.8,75.3125,,0.07607500000018627,2535,
23.069570000000297,1810,,0.14076703939839955,2.211938414515069,12.336550500088594,9.56023878036575,4664,117.94036850688747,93.2090601248808,79.03066719639561,0.023730937867537022,0.018754718528676603,78.8,75.3125,,
23.094115000000222,1905,,0.14017652777363987,2.2000446887623832,12.337366932205596,9.537991737401468,4656,117.67370386066706,92.66899647129834,78.75081129512517,0.02374089255885906,0.01869614549880551,78.8,75.3125,,
23.118354999999514,1905,,0.13957503823699619,2.189521832859357,12.341229814895113,9.439495882391148,4648,116.49498802134529,92.10617422972746,79.06449521489363,0.023771716186998946,0.018794987407167875,78.8,75.3125,,
23.142875,1905,,0.1387407589918481,2.177693199921665,12.34363438914375,9.380349223978824,4638,115.7876012632829,91.36656713008519,78.90876582055786,0.023834683389396972,0.01880765449981066,78.8,75.3125,,
23.167054999999703,1905,,0.1380071223411384,2.1667718884401848,12.34510026560457,9.343320958200282,4627,115.34423404270704,90.67179331630733,78.60973205018244,0.023896868134960454,0.018785264009277842,78.8,75.3125,,
23.192764999999664,1905,,0.13716015725022854,2.1551023516776273,12.34945575076214,9.234195897483831,4618,114.03729362984585,89.93474832411827,78.86433066014165,0.023962955274092677,0.018898224283302296,78.8,75.3125,,
23.2175,1905,,0.13615897236327995,2.144075056687435,12.351862656571177,9.174550376953983,4606,113.32278619192891,89.0399603255805,78.57198302094174,0.024079919272734212,0.018920070082429203,78.8,75.3125,,
23.244484999999404,1905,,0.1352660333259133,2.13424000793504,12.35416471059617,9.115101802392644,4593,112.60946902061075,88.21608236102735,78.33806795135611,0.024193321113497077,0.01895258033358112,78.8,75.3125,,
23.26844000000041,1905,,0.13448830224078126,2.123290091371175,12.356481468438094,9.055034918501443,4585,111.88837116652293,87.55712772213602,78.25400156359873,0.02425033971088534,0.018976861216534222,78.8,75.3125,,
23.292485000000337,1905,,0.1337840542426871,2.1129634610719092,12.360557641457742,8.95456479110528,4577,110.68341425462482,86.93426274027667,78.54317047022624,0.02430530143661036,0.019090154340659225,78.8,75.3125,,
23.317115000000225,1905,,0.1329765360615815,2.1020215545185104,12.36448353135103,8.856205056869761,4569,109.50240157593389,86.25995764835184,78.774489332579,0.02436845103828628,0.01919612286366956,78.8,75.3125,,
23.34434999999963,1905,,0.1320773662374778,2.0900884994878064,12.3656350710734,8.828504802245062,4557,109.17006860778147,85.44894260201993,78.27140139392498,0.024460086173592965,0.019145252230232893,78.8,75.3125,,
23.36949500000011,1905,,0.13141732984996288,2.079591423860458,12.365678104904857,8.828348811911889,4546,109.16851960592166,84.83195256709612,77.70733987538159,0.024514246824811053,0.01904936909804586,78.8,75.3125,,
23.39458999999985,1905,,0.13065754858552847,2.0687237937822385,12.36968875050541,8.728474373966412,4541,107.96851127272708,84.23166044426148,78.0150244282737,0.02455993129983675,0.019160436403134876,78.8,75.3125,,
23.418799999999813,1905,,0.12977748737015266,2.0571114586623906,12.37211831187209,8.668408369794896,4528,107.24657392672472,83.43682146710985,77.79905540303537,0.02465471985259276,0.019181139157581798,78.8,75.3125,,
23.442484999999404,1905,,0.1289388862148839,2.0455776458450274,12.373637737930974,8.630144407896273,4519,106.78628052933928,82.72620318688293,77.46894336689074,0.02472708243631051,0.019155809488869777,78.8,75.3125,,
23.467834999999962,1905,,0.1282000416090899,2.032893353542128,12.374492891511313,8.610192574267757,4513,106.54676680481984,82.14370603913693,77.09638546762642,0.024748011157100302,0.019079822077249245,78.8,75.3125,,
23.49445999999996,1905,,0.12732348852629533,2.019763438797182,12.378927914107594,8.499670363551905,4503,105.21680672408571,81.4056457481964,77.36943201637902,0.024811097808187722,0.019196205451223105,78.8,75.3125,,
23.517395000000484,1905,,0.12656147024004405,2.009635608841849,12.3815270994174,8.436620596096926,4491,104.45824653807708,80.69230048434257,77.24837737433074,0.02490492397390252,0.01923864965615039,78.8,75.3125,,
23.542765000000596,1905,,0.12569144482766942,1.9981665018082828,12.382958597169898,8.401269748313757,4482,104.03257545702522,79.98426871504729,76.88386869561637,0.024981993758384786,0.019207123278743635,78.8,75.3125,,
23.569394999999552,1905,,0.12496543958058533,1.9868769505284194,12.383604855742242,8.384562838227584,4475,103.83111307675107,79.39905491498764,76.46942478243159,0.02502393703118713,0.019135660705666684,78.6875,75.2,,
23.59293499999959,1905,,0.12455106318535422,1.9764632973118752,12.384030646645213,8.373161670572642,4468,103.69349073768663,79.01861411649656,76.20402549316225,0.02501262923186668,0.01906063035636184,78.6875,75.2,,
23.618224999999626,1905,,0.12403819495176602,1.9656110871139396,12.388046459231576,8.273754599532277,4461,102.49565637128678,78.56341158026635,76.65047901705536,0.025019421223908052,0.019177506215420338,78.6875,75.2,,
23.643389999999666,1905,,0.12335919765144311,1.95540481310879,12.390193601088743,8.220191862828564,4449,101.84976861854022,77.92252462580899,76.50731629804054,0.025094217910659602,0.01919891266942788,78.6875,75.2,,
23.666875,1905,,0.12284006032599701,1.947418087958535,12.391527600267477,8.187456626694804,4439,101.45509476568151,77.4165883850266,76.30625999002443,0.02515504917722765,0.01919487722579383,78.6875,75.2,,
23.693,1905,,0.12234706130198798,1.9375943456854412,12.392131452259186,8.17132621161978,4433,101.26014855368338,77.0035684748173,76.04528491679392,0.025162396809169933,0.019134816345427536,78.6875,75.2,,
23.717759999999778,1905,,0.12205807877134515,1.9289585582855724,12.392375119295671,8.164298875739043,4426,101.17505425420214,76.70350898016164,75.81266898799403,0.025148243984306796,0.019065554968115635,78.6875,75.2,,
23.745860000000334,1905,,0.12190107587492825,1.9213113593909383,12.392075524046245,8.170253746195497,4423,101.24640147347635,76.56020300498729,75.61770284254878,0.025095431882093885,0.018976589107656004,78.6875,75.2,,
23.771205000000073,1905,,0.12177743475770589,1.9145116722745998,12.391653727237637,8.178199839552365,4420,101.3414205238833,76.42542211416875,75.41380584472608,0.02505071767107273,0.01889169958717328,78.6875,75.2,,
23.796314999999478,1905,,0.12173423953496387,1.9090239970114098,12.391426151752539,8.18066584589286,4417,101.37011670154558,76.35079098525394,75.31883504686724,0.025003329662689554,0.01883221662486557,78.6875,75.2,,
23.81959499999974,1905,,0.12180334935614759,1.904503991304928,12.390924759046653,8.191402265832995,4416,101.49904914702091,76.37300087683361,75.24504073551238,0.024936875197248208,0.018763761900333298,78.6875,75.2,,
23.845665000000036,1905,,0.12196796208846288,1.9004066934948785,12.390282584209524,8.206416440556376,4415,101.67981870219639,76.45594951803501,75.19284602774718,0.02485623035845753,0.018690107021737123,78.6875,75.2,,
23.868919999999925,1905,,0.122019354375494,1.8972361846980572,12.393425005534407,8.126767312119545,4414,100.71848122018201,76.46595099065695,75.92047662384196,0.024811516238513433,0.018837021385881343,78.6875,75.2,,
23.892974999999627,1905,,0.12183630721679235,1.8939648034766858,12.395609026341878,8.072481745174267,4405,100.06332758546218,76.20745307981744,76.15922328260581,0.024852750314237674,0.018927661603688792,78.6875,75.2,,
23.919009999999776,1905,,0.12143766957027498,1.890376205837044,12.396529451511016,8.049327028350586,4398,99.78371957179168,75.82115259672301,75.98549434927784,0.024932042590958263,0.018944735814112136,78.6875,75.2,,
23.94478500000015,1905,,0.12107865523942836,1.886089118948071,12.397504547934231,8.023690684911763,4389,99.4737417574111,75.45174760137539,75.85091931635716,0.024997288716394027,0.01896067329554889,78.6875,75.2,,
23.968304999999702,1905,,0.12086721693997671,1.882722217182412,12.397629194587706,8.01879372534648,4383,99.41403119473223,75.20907497083618,75.65237428458829,0.02503317874754443,0.018938194081422322,78.6875,75.2,,
23.992544999999925,1905,,0.12070586217494056,1.8790246618799054,12.397206542118742,8.028909917033538,4380,99.53605454953022,75.05793950313313,75.40779051653436,0.02503432247565855,0.01887782944967828,78.6875,75.2,,
24.017240000000225,1905,,0.12065248265858791,1.8748992345234372,12.397424521623636,8.022380352995793,4377,99.45685491002172,74.97738181924002,75.38684174868771,0.02500619772298207,0.018851382704788446,78.6875,75.2,,
24.042480000000445,1905,,0.12068589879522543,1.8708758424859795,12.396824081090347,8.036173333475055,4375,99.62302710023965,74.96707270950515,75.25074763495599,0.024955967665104915,0.018779552247529314,78.6875,75.2,,
24.06949500000011,1905,,0.12081410445176867,1.867280736637617,12.396447159666794,8.043813352917002,4374,99.71470719165781,75.02305867781514,75.23770644345994,0.024889424258968337,0.0187262319594299,78.6875,75.2,,
24.093890000000595,1905,,0.12068325276225408,1.8643106162195466,12.400328513934854,7.944245610709163,4370,98.51125536817864,74.87294891490582,76.00446125173579,0.024899655259182623,0.018924848833281247,78.6875,75.2,,
24.122200000000188,1905,,0.12022368973187228,1.8611742502313062,12.403009838785515,7.880021892493047,4361,97.73598906243652,74.44552340299866,76.17002100980504,0.02500048579356671,0.01904287528151309,78.6875,75.2,,
24.147970000000672,1905,,0.11979356801382643,1.8579587533830124,12.403659121045601,7.863808014853025,4352,97.53999400958322,74.01521151013824,75.88191106805513,0.025102390650177612,0.01904817374912356,78.6875,75.2,,
24.171015000000597,1905,,0.11950903588390967,1.8556672211372789,12.404308515025996,7.846374235175241,4345,97.32884673746483,73.72126100695382,75.74451303816411,0.02517139826138136,0.019065953037980223,78.6875,75.2,,
24.193745000000114,1905,,0.11932327062641206,1.8532024716332265,12.40383761880842,7.858369254175931,4341,97.47393617743488,73.53515069182122,75.44083431489096,0.025201586645274186,0.019012287225784987,78.6875,75.2,,
24.217820000000298,1905,,0.11918893149503872,1.8501386688064398,12.403876629327904,7.856933634712603,4337,97.456435489792,73.39642319827519,75.31203335049437,0.02520747726096165,0.018984263681593724,78.6875,75.2,,
24.244189999999477,1905,,0.11909644399720005,1.8470179467572239,12.403556625733177,7.8637843522114865,4335,97.53889450520967,73.3101548952135,75.15991981157622,0.025194571603310276,0.018936219813918156,78.6875,75.2,,
24.26815500000026,1905,,0.11909715959849947,1.8430367688260736,12.403525861811527,7.863320504529525,4334,97.53289923764483,73.29214430933602,75.14607366562053,0.02514644354035233,0.018896564987116834,78.6875,75.2,,
24.292544999999926,1905,,0.11909775322425029,1.839734189945376,12.403032326796108,7.873511565601606,4333,97.65541847355976,73.2734251911499,75.0326262858509,0.025107795700092136,0.018839038516265075,78.6875,75.2,,
24.317410000000148,1905,,0.11912929085339438,1.836077822843356,12.403028196771476,7.870606481192827,4332,97.61935411192697,73.27987665480009,75.06695503309714,0.025055689319628333,0.018808543034797925,78.6875,75.2,,
24.34262000000011,1905,,0.11914648922478231,1.8326641120806433,12.403074722344359,7.867401849327124,4332,97.57997300791452,73.28625747591809,75.10378945275377,0.0250069272903294,0.01878115002073222,78.6875,75.2,,
24.367789999999108,1905,,0.11924407391630697,1.82921202918181,12.402629437177671,7.877853037488102,4332,97.70609198450947,73.34060366741598,75.06246762898219,0.024941327691777627,0.018721576024878953,78.6875,75.2,,
24.392759999999775,1905,,0.11930292000577157,1.8261579746745742,12.402720857244388,7.872846056366622,4331,97.64471198917252,73.36532594606433,75.13497090779433,0.02489129505152206,0.01870206729553435,78.6875,75.2,,
24.41841500000004,1905,,0.11940418635487184,1.8240177447477501,12.402695373996462,7.87124224318451,4332,97.62461975715006,73.43529561725897,75.22210667753258,0.024838434017538893,0.01868399333370165,78.6875,75.2,,
24.44302499999944,1905,,0.11958358153964022,1.8216750626629277,12.402531547609804,7.873622839831238,4332,97.65285566498802,73.55081151863808,75.31864891997073,0.024767572580777136,0.018654601038114466,78.6875,75.2,,
24.46787000000011,1905,,0.11973806405973683,1.8205408433187324,12.40215191094829,7.881853651782435,4332,97.75194632926828,73.64785010513482,75.34156901291657,0.02471953819045428,0.01862408792543538,78.6875,75.2,,
24.49278000000026,1905,,0.11987693110853537,1.8198286327198574,12.401797731256414,7.888501047074466,4332,97.83159438862195,73.7260401267959,75.36015393343156,0.024683661696600964,0.01860164545096597,78.6875,75.2,,
24.51718499999959,1905,,0.12000650558385348,1.8190558242186166,12.401707200603242,7.88915552164129,4332,97.83899683941762,73.80367587696688,75.43380273828878,0.024647225258143536,0.018592339281689678,78.6875,75.2,,
24.542790000000036,1905,,0.12012619138883417,1.8187247065294734,12.401580376741933,7.890626993809266,4332,97.85624488661519,73.87668986451877,75.49512036775862,0.024618383821267603,0.01858567849846279,78.6875,75.2,,
24.569899999999443,1905,,0.12025579397569312,1.8188409943483537,12.401625196238802,7.887617124372171,4332,97.81927126789856,73.95626024585954,75.60500020830746,0.024593469008597983,0.018593892295180537,78.6875,75.2,,
24.59340500000026,1905,,0.12032597452242118,1.8188536429039948,12.401645971769456,7.885591328221081,4332,97.79431193065312,73.99939757352226,75.66840658994148,0.024579303380096694,0.018598767218626796,78.6875,75.2,,
24.616430000000634,1905,,0.12034381379171201,1.818951581750198,12.401342978855244,7.891122742028295,4332,97.86051961213754,74.01698375003404,75.63518367099881,0.02457478661779921,0.01858718499512847,78.6875,75.2,,
24.64272499999963,1905,,0.12040112746737647,1.8199206828201542,12.401283353606935,7.891766943633269,4332,97.86803802862474,74.04868960159405,75.66176975974123,0.02457735164000764,0.01859565921090457,78.6875,75.2,,
24.6674450000003,1905,,0.1204367476441406,1.8201177551652266,12.401143725133046,7.8944899390485,4331,97.90070437075728,74.06188631684199,75.65000353456509,0.024575633239729187,0.01859146741449688,78.6875,75.2,,
24.69284499999974,1905,,0.12052213589049787,1.8199341350504556,12.401078931838295,7.8948371813602085,4331,97.90449904005972,74.11053750296996,75.69676391750501,0.024557022474402137,0.018588871327616833,78.6875,75.2,,
24.717294999999925,1905,,0.12066025797883796,1.8202134808119672,12.400805608852936,7.899585010083311,4331,97.9612181006517,74.19233879636467,75.73643961851786,0.02453371211019372,0.018580960058517868,78.6875,75.2,,
24.74372499999963,1905,,0.12079317239481757,1.8201829274613337,12.400700132342411,7.899097465557605,4331,97.9543389865258,74.27095210989754,75.8220134792742,0.024507332621346207,0.018581953043567686,78.6875,75.2,,
24.768115000000222,1905,,0.1209158397533713,1.8195705145035044,12.400371051245777,7.905384016164716,4331,98.02969510303002,74.34937503196342,75.84372771314,0.024473245588429705,0.018561421746656672,78.6875,75.2,,
24.79274500000011,1905,,0.12106619631467518,1.8195678372742192,12.400653155021615,7.897355445569308,4331,97.93236572242617,74.44337935499836,76.0150934840034,0.024442305723350374,0.0185798415452507,78.6875,75.2,,
24.817224999999627,1905,,0.12118100249940274,1.8197348790569696,12.400794854179686,7.89139297213941,4331,97.85954536121614,74.5143445244445,76.14417607337072,0.02442126936324326,0.018595374343300088,78.6875,75.2,,
24.845450000000188,1905,,0.12116125698799361,1.8191410499343197,12.40083597461026,7.888746066168193,4331,97.82704601190369,74.49786997592129,76.15263162178721,0.024418698823500465,0.018595481761893993,78.6875,75.2,,
24.900114999999293,1905,,0.12118867402023267,1.82107501479975,12.400484034888617,7.894146156853261,4330,97.8912333871362,74.4986748954989,76.10352052759885,0.024444394713788085,0.018603044948855,78.6875,75.2,,
24.948834999999963,1905,,0.12134818865039368,1.8227044298786164,12.400259896453631,7.89559720420129,4329,97.90745736980867,74.58894734138632,76.18311142495976,0.02443665576263299,0.01861660468818054,78.6875,75.2,,
24.971939999999478,1905,,0.12136545266528959,1.8233290530446424,12.399975633968577,7.89937357418026,4329,97.95203984345049,74.59320535108981,76.15278402604643,0.024443634570504535,0.018614508242592337,78.6875,75.2,,
24.996375,1905,,0.12142460900032843,1.8235088201380174,12.399671028105516,7.905042761726619,4329,98.01992970851677,74.62630059006426,76.13380341322579,0.02443520321548405,0.018603449579698852,78.6875,75.2,,
25.0215,1905,,0.12147076738177136,1.8231221524056367,12.399383503226789,7.909516494347728,4329,98.0731283385154,74.65533826482073,76.12211370186505,0.024420519614264915,0.018589415707356994,78.6875,75.2,,
25.046384999999777,1905,,0.12155803321220035,1.8226528735745617,12.399061558752164,7.9147927612405224,4329,98.13600267138726,74.71209043194051,76.13117347169442,0.024395688342235853,0.01857272381144151,78.6875,75.2,,
25.070020000000483,1905,,0.1216577849550786,1.8225709924483893,12.398973318578685,7.915884893189513,4329,98.14884558359685,74.77035916505072,76.18057932364182,0.024375581618180833,0.018569459290237303,78.6875,75.2,,
25.095245000000112,1905,,0.12171851277646313,1.8226468451304907,12.399177806814242,7.9057266238743304,4329,98.02451010148309,74.80389565409459,76.31142004856888,0.024365667445432348,0.01859378683192128,78.6875,75.2,,
25.11854000000004,1905,,0.12171535966528775,1.8224657954397565,12.398935136781887,7.91124748463722,4329,98.09104441304575,74.80271649863595,76.25845656577336,0.024363631172044264,0.018579329095178596,78.6875,75.2,,
25.142905000000262,1905,,0.1217455129983524,1.8226218818035635,12.399076194190135,7.9044918632440835,4329,98.00839688871935,74.82142539349555,76.34185209502942,0.02435962523058281,0.018596589064435003,78.6875,75.2,,
25.19280999999959,1905,,0.12183311709197686,1.8231348064359951,12.398655929925836,7.911946937153403,4329,98.0975078095956,74.87648171437725,76.3286278992024,0.02434856399090036,0.018584924807413524,78.6875,75.2,,
25.268849999999627,1905,,0.12185118818342694,1.82322650974071,12.398834852952422,7.899958346574919,4329,97.9502788843855,74.89397807163007,76.46121983994587,0.024344100242571446,0.018613796004529348,78.6875,75.2,,
25.293209999999963,1905,,0.12180194552230068,1.8223293149131314,12.398755549736697,7.899533721571307,4329,97.94438757066442,74.86383664280268,76.43504492668383,0.024341917227779803,0.018605755369069683,78.6875,75.2,,
25.316390000000595,1905,,0.12168449741891248,1.8211241922554524,12.398824386265318,7.896076836465096,4329,97.90207003578814,74.7983656226584,76.40120948956015,0.024347112093900964,0.018601488115519312,78.6875,75.2,,
25.342705000000073,1905,,0.12152173100226134,1.8194126055684732,12.398938124721685,7.891495622437806,4330,97.8461659341184,74.70142547337075,76.3457870425588,0.024355795007112012,0.018594623388651903,78.6875,75.2,,
25.367165000000035,1905,,0.12135840305205177,1.8177218679106606,12.399309366871677,7.879124475043727,4330,97.69570190615757,74.60515465903794,76.36482793347506,0.024364561352604275,0.018605955353662218,78.6875,75.2,,
25.39248999999929,1905,,0.1212501579979622,1.8165279578849203,12.399033526366019,7.882790683866628,4330,97.73898597058803,74.54129097021605,76.26566843311356,0.02436941907285638,0.018585500349180585,78.6875,75.2,,
25.419849999999627,1905,,0.1211847403210937,1.816246166098614,12.399049993172573,7.8811790071321015,4330,97.7191325145731,74.4980249225116,76.23688729676506,0.024379789504322628,0.018586392647599002,78.6875,75.2,,
25.4435549999997,1905,,0.12123795411306977,1.8167695423625057,12.399019000982126,7.878477650321179,4329,97.68539408514532,74.52420750500147,76.29002083980343,0.02437824705805263,0.018598169760967117,78.6875,75.2,,
25.46716000000015,1905,,0.12135636329788603,1.818598578241986,12.398697915738685,7.884217073286579,4329,97.75402579378967,74.58791630537029,76.30163126244246,0.02438194641068218,0.018603822844885043,78.6875,75.2,,
25.492599999999626,1905,,0.12149543988117745,1.8201096712680158,12.398282561448422,7.894238040188086,4328,97.87499382958671,74.65909126414212,76.28004696902812,0.024378942208504926,0.018596268567199783,78.6875,75.2,,
25.517290000000038,1905,,0.12164895494881267,1.820849332077101,12.398014968940474,7.897452097957021,4328,97.9127293269615,74.75629900836695,76.34992867856035,0.024357135869892462,0.018596655864802938,78.6875,75.2,,
25.542679999999702,1905,,0.12189686463496435,1.8224237845720814,12.397690065544127,7.902019491025823,4328,97.96678854162691,74.903987931491,76.45855197107299,0.024330130276093098,0.01860246530177641,78.6875,75.2,,
25.5675700000003,1905,,0.1221102362708889,1.8246344835020036,12.397594653227856,7.904400128677531,4327,97.99554877226613,75.02468886666206,76.5592823415005,0.02432045385412851,0.018619564932916586,78.6875,75.2,,
25.593830000000075,1905,,0.12231925860806085,1.8267161105441414,12.39751230039263,7.904573832850004,4327,97.99705132211965,75.1390662333897,76.6748235989316,0.02431113669778877,0.01864052117792466,78.6875,75.2,,
25.615674999999815,1905,,0.12250759802811642,1.8293401275319572,12.397356510526635,7.90585643447874,4326,98.0117207392739,75.24168249699954,76.76804562706727,0.024312855146546023,0.018664503732143223,78.6875,75.2,,
25.64260000000056,1905,,0.12270076757348851,1.8321317905906698,12.396991052174668,7.91481148574704,4325,98.11984716845535,75.35335199654267,76.79725781387896,0.024313872469465335,0.018672387324913036,78.6875,75.2,,
25.66365499999933,1905,,0.1228505245703041,1.833497065008422,12.396732227747913,7.919765016032234,4325,98.17920621043726,75.43692303262355,76.83594718715906,0.024305035137972227,0.018675003962432792,78.6875,75.2,,
25.69255999999959,1905,,0.12297425823175848,1.8353100812714387,12.396162352368664,7.929632045327998,4325,98.29700622843106,75.50929672015575,76.81749385599876,0.02430574990087993,0.018671067936762865,78.6875,75.2,,
25.717360000000337,1905,,0.12313127863859451,1.837229204745086,12.395506633673337,7.943040255062313,4324,98.45800817315926,75.59689182612578,76.78084619909498,0.02430297278584874,0.01866002815651043,78.6875,75.2,,
25.74247500000056,1905,,0.12326000585704593,1.8382083715100441,12.39540430371741,7.943526218496269,4324,98.46321907544073,75.67805283365612,76.85921051968955,0.024289847620029434,0.018668985117190225,78.6875,75.2,,
25.768665000000038,1905,,0.1231112062389952,1.8394062123090393,12.399092136823114,7.849241621857332,4323,97.32347007359596,75.559185932149,77.63716796679279,0.024343912518602278,0.01889992425175635,78.6875,75.2,,
25.79360000000056,1905,,0.1226791543882972,1.8400802695838614,12.401564638603007,7.785403837473342,4315,96.55118892805355,75.15491517596304,77.83945077254903,0.024483831367191514,0.019058079864298954,78.6875,75.2,,
25.818525000000374,1905,,0.12224025565300281,1.8406879703516588,12.402812357368454,7.753230843775689,4305,96.16186731871136,74.71757406589951,77.69979530270709,0.024635274811361064,0.019141558100686906,78.6875,75.2,,
25.844865000000222,1905,,0.12174015435806543,1.8413829486944784,12.403485792676095,7.735634475413497,4299,95.94883231312672,74.3157925118717,77.45356636477231,0.024777814868896453,0.01919130128322114,78.6875,75.2,,
25.868679999999703,1905,,0.12138648835624787,1.8415269142034754,12.403650634196893,7.731055177619665,4294,95.89330745689334,73.99691272255598,77.16587808363958,0.02488653710605598,0.019203914882498885,78.6875,75.2,,
25.89459499999974,1905,,0.12116336194019757,1.8410656355879234,12.402995201311079,7.7456417306579075,4290,96.06915721642487,73.79524070167533,76.81470603039558,0.024948297723299203,0.01916396155574016,78.6875,75.2,,
25.920569999999366,1905,,0.12110544367138724,1.8400457729022126,12.40272955025847,7.7521079822835235,4288,96.14729874866242,73.73503623625365,76.68965971576964,0.024954836490573375,0.01913777918724743,78.6875,75.2,,
25.945669999999925,1905,,0.12111989991517365,1.838332173164173,12.401967689946911,7.769939821746455,4287,96.3625426221314,73.72876266814848,76.51184854810518,0.024933717949919564,0.019077248515254174,78.6875,75.2,,
25.972640000000595,1905,,0.12118054461647007,1.8367276370710826,12.401078805624712,7.790885399168517,4287,96.61538380067972,73.75231252007889,76.33599290174327,0.02490400062467245,0.01901071614910006,78.6875,75.2,,
26.020629999999887,1905,,0.12139631360126626,1.8328791556561281,12.400217092053854,7.808029507826844,4287,96.82126095821528,73.88571207761711,76.31145406121456,0.02480694987050655,0.01893054415442013,78.6875,75.2,,
26.046754999999887,1905,,0.12152719580975441,1.8309593039013807,12.400167433610722,7.808406750225697,4286,96.82555109253482,73.95950919535998,76.38428943686354,0.024756239242542867,0.018909877436706336,78.6875,75.2,,
26.071575000000188,1905,,0.12170611358764963,1.8298581358750154,12.400097428462606,7.807368571583122,4288,96.81213094754764,74.09386367962352,76.53365642758885,0.02469648692889318,0.018901124455843493,78.6875,75.2,,
26.1198200000003,1905,,0.122042803355299,1.8266945471484988,12.399220819617517,7.824315936347653,4287,97.01542105722694,74.27571117564275,76.56072649710956,0.024593430587676785,0.018828909128487708,78.6875,75.2,,
26.144354999999514,1905,,0.12217525611785769,1.8249213488434515,12.399122487740911,7.823752298786673,4287,97.00766306640048,74.36058889395447,76.65434517586061,0.024541512863029757,0.018812135981405062,78.6875,75.2,,
26.169955000000076,1905,,0.12221672974024551,1.822835368718112,12.39900609112242,7.823820463314207,4287,97.00759758048109,74.3813005354324,76.67574745753592,0.024506634807357035,0.018790645415229672,78.6875,75.2,,
26.194770000000485,1905,,0.12230036005195609,1.8210809672375545,12.398930948913417,7.824808606591984,4286,97.01926160159742,74.43208444613377,76.71887336329536,0.02446634379231263,0.018770303310652804,78.6875,75.2,,
26.223950000000187,1905,,0.12243419953352587,1.8201591576200231,12.398713534119597,7.828919192342691,4286,97.068526347628,74.51170986080577,76.76196668934654,0.02442782699551837,0.01875128042123101,78.6875,75.2,,
26.249199999999256,1905,,0.12250843944460103,1.8188600869491014,12.398872305915766,7.823435078288726,4287,97.00177252932403,74.56044851808808,76.8650371781074,0.024394435965709792,0.018750792274432434,78.6875,75.2,,
26.295035000000148,1905,,0.12257000017114278,1.8173963544051672,12.39850805994026,7.8288088658249295,4286,97.06554982266216,74.59436070917812,76.84947012143991,0.024363723170584852,0.01872339215844894,78.6875,75.2,,
26.323,1905,,0.12258820253040911,1.8169241846699395,12.398242873552597,7.832275031113526,4286,97.10644808820722,74.60460686886691,76.82765494738246,0.02435404810675514,0.018710644045177367,78.6875,75.2,,
26.344759999999777,1905,,0.1225969961954047,1.816394405318232,12.397950578767192,7.837729027405552,4287,97.17177713154308,74.61740945568275,76.78917856433962,0.024342769583779733,0.01869261280319437,78.6875,75.2,,
26.372450000000185,1905,,0.12271655587455692,1.8169561268087409,12.397599497658339,7.84385253828533,4287,97.24494228835229,74.68570830265458,76.80163774604884,0.024328029660584477,0.0186843252106734,78.6875,75.2,,
26.396560000000523,1905,,0.12282983272427307,1.817321001471617,12.397637311941976,7.840634054005936,4286,97.20533729722688,74.74886728146986,76.89790433308062,0.0243123550572134,0.01869569153301485,78.6875,75.2,,
26.420049999999815,1905,,0.12297603972232277,1.8172607825737255,12.397637733589104,7.838033543852016,4287,97.17310042039688,74.85243121112117,77.0299917233159,0.02427791259642782,0.018701274063622216,78.6875,75.2,,
26.443859999999404,1905,,0.1230131046322052,1.8176499350075552,12.397919425674571,7.827679170378137,4287,97.04693564437932,74.87429042500308,77.15265806987857,0.024276022179177535,0.018729596384868732,78.6875,75.2,,
26.472115000000223,1905,,0.12311270784336442,1.8184479914244769,12.397505173711235,7.836775959378103,4287,97.15647050160585,74.93005266274866,77.123069905581,0.024268606878058617,0.018716694647675787,78.6875,75.2,,
26.493955000000074,1905,,0.12317827011902181,1.8185989279882038,12.397292416354924,7.84052614794891,4286,97.2012953541995,74.96512627797983,77.12358771023418,0.024259265851759085,0.018709616177040308,78.6875,75.2,,
26.517949999999257,1905,,0.12325701139681289,1.8189312971111093,12.397460481527844,7.83461423432546,4286,97.12932035806541,75.00511997990414,77.22191373665457,0.024250761782641628,0.018726902344273114,78.6875,75.2,,
26.54466000000015,1905,,0.12330682303313359,1.8189019837256686,12.397959108565757,7.81940296890257,4287,96.94463826185174,75.0541777265047,77.41962739989813,0.024234520166934555,0.018762275215393906,78.6875,75.2,,
26.569165000000037,1905,,0.1233655863924333,1.818266985555503,12.397742093088409,7.822712529437143,4287,96.98397240833297,75.08297942824463,77.41792541980206,0.024216766561497283,0.01874811827566753,78.6875,75.2,,
26.59360000000056,1905,,0.12343299344605055,1.817528889841037,12.397630369131017,7.824868944506403,4287,97.00983286088275,75.12647685299227,77.44212585205422,0.02419292060504293,0.0187355120222449,78.6875,75.2,,
26.616150000000374,1905,,0.1234545243573983,1.8166827070705491,12.39790479157458,7.815820088171333,4287,96.89979332122422,75.13714403510926,77.54107770491164,0.024178224104733997,0.01874805554071947,78.6875,75.2,,
26.642930000000632,1905,,0.12336502789138418,1.8151782119584987,12.398248283322108,7.805450606678204,4287,96.77391458480355,75.0946176997977,77.59799530894438,0.02417188165488708,0.018756895592642864,78.6875,75.2,,
26.664040000000035,1905,,0.12325811879545391,1.8140613207337,12.39804235078148,7.809278101943684,4287,96.81976063692821,75.01720198272892,77.48129254733611,0.02418193791273831,0.018736478057783952,78.6875,75.2,,
26.69284499999974,1905,,0.1230548986880233,1.8128937561094998,12.397802423618232,7.813737426723484,4286,96.8731728065489,74.88757548646849,77.304761800272,0.024208204689936497,0.018714094971677683,78.6875,75.2,,
26.717644999999553,1905,,0.1229188677391117,1.8118876573657796,12.397819413052204,7.812485389248386,4287,96.85778302301034,74.81184179912988,77.23885418826586,0.024219262803751123,0.018706681082462238,78.6875,75.2,,
26.74393999999948,1905,,0.1227938071759518,1.81108334725526,12.398011941702567,7.80645330478704,4287,96.7845012950932,74.74570205005848,77.22899952975008,0.024229932927010926,0.01871253478626003,78.6875,75.2,,
26.768700000000187,1905,,0.12263171984829935,1.8100759037981056,12.398746252266982,7.7863518911786835,4288,96.54100132958362,74.65756257749246,77.33249246360852,0.024245044189854143,0.018749296970917508,78.6875,75.2,,
26.794365000000223,1905,,0.12240030502480821,1.8087415900167618,12.399565850833284,7.764388911739435,4287,96.27505160259291,74.50935442568503,77.39217293099672,0.024275362522712295,0.018787230543203866,78.6875,75.2,,
26.821264999999666,1905,,0.12212252662626084,1.8067712393770072,12.40009727773522,7.750111666600066,4287,96.10213857915146,74.329401771347,77.3441703486421,0.024307625197025246,0.018800531040096654,78.6875,75.2,,
26.845314999999477,1905,,0.1218697444398514,1.8037629796339412,12.40024402676739,7.7442498716508155,4286,96.03058821273216,74.16697671673604,77.23265898615277,0.02432029805560236,0.018783212861699313,78.6875,75.2,,
26.86910500000045,1905,,0.12167354372848509,1.8009559693018597,12.400647583749072,7.733571090352796,4286,95.90128965533508,74.04964998776722,77.2144464937837,0.024320924806523356,0.01877926747152634,78.6875,75.2,,
26.895205000000075,1905,,0.12147555272082153,1.798557530870168,12.401009601149955,7.723993669651029,4286,95.78531965656389,73.92802011671894,77.18095046483762,0.02432849585354202,0.018776964333562345,78.6875,75.2,,
26.91865499999933,1905,,0.12127268477496302,1.7961273912015578,12.400854183850985,7.72722554557357,4287,95.82419723638621,73.81157206155783,77.02811418234373,0.024333953891452313,0.01874398578858676,78.6875,75.2,,
26.945,1905,,0.12103267478615586,1.7935336553866696,12.400649534063689,7.730335437315809,4286,95.86118053890631,73.64908280963988,76.82889194103821,0.024352423505699317,0.018709697140217717,78.6875,75.2,,
26.96902999999933,1905,,0.12088531768984248,1.79146072546653,12.399974775658878,7.74550903515735,4287,96.04411666058907,73.57708506454534,76.60759203456458,0.024348079621460603,0.018652477504659495,78.6875,75.2,,
26.994900000000374,1905,,0.12072041145677084,1.7899103643174983,12.400318789172832,7.733399470255039,4288,95.89661875518279,73.49224476296693,76.63695103847967,0.024355091752748338,0.018664999741930543,78.6875,75.2,,
27.017459999999964,1905,,0.12059854755419927,1.7885819969836831,12.400684777726644,7.721509566248548,4287,95.75200613924903,73.40926838480688,76.66603692673569,0.024364525574727788,0.018679316174144762,78.6875,75.2,,
27.04678000000026,1905,,0.12051513360189581,1.7871037730438029,12.401123273156943,7.7087005791088705,4287,95.59654615738542,73.35482258081893,76.73375820508326,0.02436245784760579,0.018694229497597158,78.6875,75.2,,
27.098169999999925,1905,,0.12027252228638206,1.7843470490135553,12.401188340812524,7.703889442715046,4286,95.53738393590653,73.19606774030855,76.61510575735863,0.024377635358011567,0.018676951110683813,78.6875,75.2,,
27.147584999999964,1905,,0.12003224042472638,1.783093013528965,12.401343671500603,7.69516808972794,4286,95.43042409068099,73.04648550761212,76.54423230709008,0.024410387455850297,0.018684743681266828,78.6875,75.2,,
27.171245000000113,1905,,0.11993657163983067,1.7818882784132801,12.401254519941938,7.6961261366508875,4286,95.44161903818511,72.98978315856624,76.47584344662454,0.024412845213448945,0.018669929286303986,78.6875,75.2,,
27.19339499999955,1905,,0.11985147501641168,1.781022402287862,12.401322780788087,7.693971409482087,4287,95.41542291514243,72.94290445471584,76.44770858437374,0.024416664178673473,0.018665980277337468,78.6875,75.2,,
27.22080999999959,1905,,0.1198421994905993,1.7802545912399816,12.401419925551274,7.689851224164087,4287,95.36507419587336,72.94787398293225,76.49328079282179,0.024404475333393696,0.018667783842787774,78.6875,75.2,,
27.244570000000298,1905,,0.11988261351910084,1.7797718190806922,12.40142460570586,7.688372200735587,4287,95.34676818802721,72.96311145183802,76.52394815097682,0.024392762091231483,0.018666304615285113,78.6875,75.2,,
27.267509999999778,1905,,0.11986378813864278,1.7797077265240753,12.401420134166457,7.6867222604445535,4286,95.32627220642259,72.94649999675998,76.52297557466558,0.024397438212979697,0.01866964568456258,78.6875,75.2,,
27.29325499999989,1905,,0.11990645890502659,1.780005936081527,12.400540122174231,7.707819181843157,4286,95.58112101891022,72.96564579852091,76.33897261372886,0.024395123439277633,0.0186229866013955,78.6875,75.2,,
27.318564999999477,1905,,0.12006012284100422,1.7807203184723113,12.400611195828555,7.705517488696565,4287,95.55312643998336,73.07354366339442,76.47425718643723,0.024368878655659728,0.018635918936580023,78.6875,75.2,,
27.34306000000052,1905,,0.12025268760937131,1.7819985424563216,12.400760668684716,7.700040035510748,4287,95.48635361965935,73.19953180520008,76.65967861414836,0.024344398092580818,0.018662337338321316,78.6875,75.2,,
27.367639999999664,1905,,0.12041843358871329,1.7831983098398991,12.40088020683831,7.694097179083959,4287,95.41357741759275,73.28859247786004,76.81149209729429,0.024331185107403865,0.018689146325951568,78.6875,75.2,,
27.39596999999974,1905,,0.12060861594708815,1.784225336652684,12.400239338836094,7.710413732920403,4286,95.61097568966164,73.39655386283586,76.76582456502656,0.0243093884215199,0.018661302468494848,78.6875,75.2,,
27.41775,1905,,0.12076086410809479,1.7856646360590809,12.399577330401668,7.725536183424673,4286,95.79338332519039,73.49014505136444,76.7173498840593,0.024298014853706265,0.018640793070198534,78.6875,75.2,,
27.443084999999964,1905,,0.12097615281751228,1.7871574914965203,12.39923478842057,7.7329728086455605,4287,95.88294546686835,73.62686103058755,76.78827623837314,0.02427317240584334,0.01863895067881555,78.6875,75.2,,
27.46843999999948,1905,,0.12111593656612259,1.7884539092998586,12.398885412358513,7.741579104973639,4287,95.98695223327714,73.71816992170328,76.80019857547511,0.024260693275475927,0.01863226061135245,78.6875,75.2,,
27.49271999999974,1905,,0.12116857654993823,1.790025515732165,12.398787019056272,7.744228289346908,4287,96.0190371865628,73.74654502388951,76.80408717346504,0.024272669521701696,0.01864240225877485,78.6875,75.2,,
27.51808999999985,1905,,0.12124775834918879,1.7917938233172384,12.398338907113647,7.752344782394033,4286,96.11619793691543,73.77488893876674,76.75593762789899,0.024287313055861456,0.018641954860649585,78.6875,75.2,,
27.542705000000076,1905,,0.12126356977219696,1.7931453219769888,12.397976262688083,7.75821989781391,4286,96.18622613381122,73.78559457940227,76.7111857333441,0.02430210574568653,0.018642433475687278,78.6875,75.2,,
27.56918499999959,1905,,0.12126509184902433,1.7941170020392299,12.397311656370645,7.771545390554812,4286,96.34627025833873,73.79456800298087,76.59307184918657,0.02431231797395654,0.018621551173995235,78.6875,75.2,,
27.59377499999944,1905,,0.12131252173391031,1.7952859908647387,12.397326033702438,7.767380324420781,4287,96.29474630960983,73.83890038212203,76.68009233308838,0.024313552633828436,0.018643654609073686,78.6875,75.2,,
27.61960000000056,1905,,0.12138887435463003,1.7961912088601428,12.396904613152634,7.77579452335676,4288,96.3957829975284,73.89673246377681,76.65971494382855,0.024306774453668998,0.01863350400822199,78.6875,75.2,,
27.642879999999888,1905,,0.12138971099477215,1.7965296504305064,12.397116088404099,7.769385362757668,4288,96.3179722776544,73.89772307197433,76.72267316731964,0.024311028482985008,0.018652070926614576,78.6875,75.2,,
27.66750499999989,1905,,0.12131400477537439,1.796646344574187,12.397432160960205,7.760135398276853,4287,96.2057521600032,73.84624592238075,76.75865971045519,0.02432955558042353,0.01867504077704336,78.575,75.2,,
27.69273000000045,1905,,0.121148535683452,1.7955010705419892,12.397790201343593,7.748864057943418,4287,96.06879088911447,73.73232851780067,76.74951233944931,0.024351612198284422,0.018689743608977148,78.575,75.2,,
27.715125,1905,,0.12099072503276065,1.7942867739035029,12.397363772202457,7.757425899212938,4286,96.17163080844755,73.625410886408,76.55626744341417,0.02437048231447964,0.018657131617922984,78.575,75.2,,
27.743840000000784,1905,,0.12084964580217458,1.7926374748509326,12.397392027202972,7.754601354527454,4286,96.13683300675602,73.53673818322339,76.49174190921767,0.02437744070704381,0.018646729029704517,78.575,75.2,,
27.77316000000015,1905,,0.12079240730729122,1.791686239960768,12.39658387369696,7.772452050530748,4286,96.35185374869233,73.50115511667065,76.28411105444683,0.02437630044203753,0.018595244100169522,78.575,75.2,,
27.819695000000298,1905,,0.12091106291084258,1.7908588161396095,12.396084657938156,7.782821231315173,4287,96.47651086098135,73.59456791623043,76.28236889938646,0.024334116862783514,0.018562640793676324,78.575,75.2,,
27.84268999999948,1905,,0.12100595217276723,1.7905518723152676,12.396116447222933,7.781076269191932,4287,96.45512751762618,73.66001310314302,76.36713049773576,0.024308329538416364,0.018563573740422074,78.575,75.2,,
27.863629999999887,1905,,0.12110998645730915,1.79072690638739,12.395986334053793,7.783330217478306,4287,96.48205500928901,73.72084235807773,76.4088641675181,0.024290646296327576,0.018560206933973204,78.575,75.2,,
27.892360000000334,1905,,0.12126531111572232,1.7911179066247402,12.39568112126872,7.789574478363172,4287,96.557081304163,73.81832061723038,76.45044736252581,0.024263866905239028,0.018549834796503083,78.575,75.2,,
27.915325000000188,1905,,0.12131793399086356,1.7912665828180536,12.396002054787212,7.7796091453968055,4287,96.43605095178019,73.8388421991326,76.56767512810472,0.02425913691857828,0.018574657144699136,78.575,75.2,,
27.942834999999963,1905,,0.12132903916634387,1.7911920305474454,12.396371643985352,7.768135847021047,4286,96.29669894063784,73.84041590392324,76.6801112771708,0.024257610261540753,0.01860076254173185,78.575,75.2,,
27.967944999999368,1905,,0.12139319290283983,1.7910762679519134,12.395839318179622,7.779776791044616,4286,96.43686303309214,73.87432378805966,76.6038229206085,0.024244909139072297,0.018572527264157368,78.575,75.2,,
27.9926799999997,1905,,0.12147631623172422,1.791212797222198,12.395643154459849,7.782057530698002,4286,96.46360815800941,73.92677401221924,76.6369571114587,0.024229554463260247,0.018568793262306277,78.575,75.2,,2.4531699999999255,-357,
28.017464999999852,1905,,0.12161829355980829,1.79210198099431,12.396254050213425,7.764526861274239,4287,96.25104755206172,74.02699306353843,76.91032455880294,0.024208763679704284,0.018619038717734168,78.575,75.2,,
28.042735000000334,2000,,0.1216475615652937,1.7933234189633114,12.396186852477758,7.76212407481908,4287,96.22074040357336,74.04173660990867,76.94987203315988,0.024220439728628935,0.018637597377048582,78.575,75.2,,
28.068834999999964,2000,,0.12163076099964595,1.7943337472680099,12.395708632660646,7.7723430505407585,4286,96.34369984758807,74.02319197008829,76.83241570252135,0.02424015635522816,0.018624297697790046,78.575,75.2,,
28.119669999999925,2000,,0.12156258034199988,1.7948577263941887,12.396322756442544,7.752185162849744,4287,96.09858934639053,73.98912577420623,76.99293639733878,0.024258398887852577,0.01867725362673707,78.575,75.2,,
28.144770000000484,2000,,0.12150298516504728,1.7954120411429377,12.396151336227113,7.755197238117687,4287,96.13459860599738,73.95184381199718,76.92531605097238,0.02427812409528684,0.01867602369154668,78.575,75.2,,
28.171480000000447,2000,,0.12141310783385997,1.7955582544200916,12.395555979666108,7.76931324998971,4286,96.30495731380907,73.88480968542639,76.71963286861052,0.024302130059817444,0.01864450496114418,78.575,75.2,,
28.197674999999812,2000,,0.12131591924619156,1.7953055682345973,12.395623630919486,7.766407613733244,4287,96.26946574414481,73.84166442732152,76.70309984223906,0.024312907653938686,0.018648753832351973,78.575,75.2,,
28.247169999999926,2000,,0.12108143531074764,1.7942794670172595,12.39620922797113,7.74772150587375,4287,96.04237682686257,73.6919934074499,76.72862317880353,0.02434836383237078,0.018682164335143865,78.575,75.2,,
28.26915500000026,2000,,0.12101838008619198,1.7941878737023773,12.395659269797635,7.758752280517939,4286,96.17484962806573,73.63923648731947,76.5680807114359,0.024364563774521657,0.018655478855865014,78.575,75.2,,
28.29333999999985,2000,,0.12094570463363391,1.7936121635912474,12.395678377509784,7.756609644136146,4287,96.14843844860229,73.61348390308957,76.5623291349041,0.024365266639906565,0.018654615639442255,78.575,75.2,,
28.316275000000374,2000,,0.12085198556833732,1.792359310444422,12.396216469208259,7.742754507032467,4287,95.98086093711234,73.56571341980192,76.6462320732911,0.02436405802546009,0.01867413245666544,78.575,75.2,,
28.343514999999666,2000,,0.12067308290058762,1.7910505009225204,12.396809553830863,7.725915574812617,4286,95.77670400992771,73.4417335566923,76.68016384138643,0.02438736688506875,0.018700272884070737,78.575,75.2,,
28.367064999999478,2000,,0.12062319921400816,1.7898118964324397,12.396276673540498,7.7373033117265315,4286,95.91375255926324,73.40784975677602,76.53527027984724,0.024381750757755012,0.018660638841406497,78.575,75.2,,
28.39443500000052,2000,,0.12065130037837807,1.7884315073202253,12.395811525050421,7.748302969497922,4287,96.04650324888473,73.4340008279205,76.45671455381505,0.0243542703265085,0.01862047494520309,78.575,75.2,,
28.420040000000036,2000,,0.12066041460809888,1.786788085252712,12.396390594482575,7.733248029182127,4287,95.86436313375422,73.4444774423795,76.61290915781342,0.02432841988227812,0.01863871022394115,78.575,75.2,,
28.442889999999664,2000,,0.12065813933527574,1.7858951025545964,12.396567419211118,7.727126124584116,4287,95.78983996015452,73.43718046654864,76.66489525099544,0.024318677422100775,0.018643888572081036,78.575,75.2,,
28.468675000000744,2000,,0.1206483410165328,1.7848692764045866,12.396076780098987,7.73819285236835,4286,95.92323273717125,73.41808306978942,76.53837446341521,0.02431103076755537,0.018607267764787615,78.575,75.2,,
28.49297500000056,2000,,0.12070872828091207,1.7843881124863137,12.395881441005823,7.740600087895782,4286,95.95156097179536,73.45540498970422,76.55467430206393,0.02429212816587724,0.018596759598427257,78.575,75.2,,
28.518014999999664,2000,,0.1207543761481313,1.7837882418610111,12.395560164047984,7.7471968722783,4287,96.03084493305003,73.49943232355155,76.53731712429818,0.02426941522498574,0.018575159294960047,78.575,75.2,,
28.542955000000074,2000,,0.12077573986317681,1.7834105698348652,12.395202821295173,7.754694439437752,4287,96.12101039400082,73.51558180170225,76.48232316780825,0.024258946554287765,0.01855380590075625,78.575,75.2,,
28.570834999999963,2000,,0.1207421887817789,1.782904695244127,12.39580357707544,7.736978848866143,4287,95.90607009053197,73.49248486045094,76.6296489795449,0.024259687213319066,0.018590113155101937,78.575,75.2,,
28.621985000000336,2000,,0.12073087854331674,1.7822799203165216,12.396002195128007,7.7282634673889365,4286,95.79957090628085,73.47526966718065,76.69686719062689,0.024256868037227715,0.018604257863118163,78.575,75.2,,
28.643064999999478,2000,,0.12067940935968476,1.7824137687195782,12.398645340577799,7.6626651071181735,4284,95.00666702677883,73.40853732727099,77.26672203602287,0.024280742180888246,0.01876093356919028,78.575,75.2,,
28.668474999999628,2000,,0.12020112266535131,1.7820923013122465,12.401476259024323,7.5935424088701415,4280,94.17113590549742,73.04857452182866,77.57002591020493,0.024395990106278048,0.018923975846490915,78.575,75.2,,
28.69297000000067,2000,,0.1195572839115752,1.7813653620114343,12.40320276520639,7.550678243495946,4270,93.65259326891264,72.48582881130503,77.39863497764586,0.02457536033213721,0.019020993437912057,78.575,75.2,,
28.719365000000224,2000,,0.11888007167023602,1.7805555192270919,12.404405172158969,7.521002818128603,4264,93.29356625701662,71.9691410494831,77.14266260463624,0.024740541477393112,0.019085512438465457,78.575,75.2,,
28.743924999999813,2000,,0.11830705996774668,1.779842773164904,12.404944104634879,7.507137516243526,4257,93.12562127480847,71.51247054233589,76.79140236960849,0.024888565024630556,0.0191122781120857,78.575,75.2,,
28.765120000000113,2000,,0.1179406723294557,1.7791246691195148,12.405294118968165,7.498898166692451,4253,93.02603732601101,71.21715018612865,76.55614732523452,0.024981688602670943,0.01912501833099209,78.575,75.2,,
28.79261999999918,2000,,0.11757912042029615,1.7779941919099052,12.405183020148167,7.503381760774993,4250,93.0808240124554,70.95152184080149,76.22571307631235,0.02505928196859971,0.019101616372368888,78.575,75.2,,
28.815555000000632,2000,,0.1173871886418712,1.7769953895837343,12.405148231611488,7.503400031392426,4247,93.08078963050133,70.78634983499438,76.04829107702223,0.025103644893768033,0.019090892939754744,78.575,75.2,,
28.84306500000041,2000,,0.11724074032586357,1.7761915380735094,12.405027152651497,7.506864545844065,4246,93.12285852247248,70.67506786093924,75.89443556856008,0.02513179812672209,0.019073636336505682,78.575,75.2,,
28.89402999999933,2000,,0.11735707915685252,1.7739047955122853,12.404474331523613,7.5184103521807275,4244,93.26192822748723,70.7173424574177,75.82659269591969,0.025084438044040445,0.019020674665714873,78.575,75.2,,
28.915334999999963,2000,,0.11744116840406775,1.772356449506137,12.404304574591555,7.521104349478812,4244,93.29406908822047,70.75897751154373,75.84509733907397,0.025047796220868116,0.018997525425010313,78.575,75.2,,
28.942825000000187,2000,,0.11758852440007345,1.7711309725969901,12.403689243874721,7.53729524789146,4243,93.49026799417935,70.84410607568213,75.77698470186527,0.025000399760918807,0.01894454910223661,78.575,75.2,,
28.967389999999664,2000,,0.11774128014358459,1.7695859944295866,12.403790192111524,7.533804262818141,4243,93.44772742443165,70.93527495282804,75.90904231479706,0.02494648812747059,0.018936640228737478,78.575,75.2,,
28.99278000000026,2000,,0.11788098855855036,1.767839893255753,12.404050444090755,7.5243210683086135,4243,93.33205808883488,71.01923298096743,76.09307502184322,0.024892410394371896,0.01894140051613451,78.575,75.2,,
29.018099999999627,2000,,0.11794345743182952,1.765960908756117,12.40389868850211,7.526313571324895,4243,93.3556310366125,71.0568192599738,76.11412238444034,0.02485279987407036,0.01891649051210995,78.575,75.2,,
29.042790000000036,2000,,0.11807289883477438,1.7649169904063875,12.40374936105657,7.5282076531039035,4243,93.37800086708873,71.13479476084093,76.17939354055345,0.02481088188052183,0.018900779348644592,78.575,75.0875,,
29.06943499999959,2000,,0.11823276230372202,1.7644326771330225,12.403656106027206,7.52760918775751,4243,93.36987566551494,71.22484176100141,76.28246396745226,0.024772714596596315,0.01889723708590837,78.575,75.0875,,
29.093444999999367,2000,,0.11835264432405594,1.76377044953444,12.403650071542694,7.526232363009169,4243,93.35275258788562,71.30042508994492,76.37742124724191,0.024737165974949762,0.018893609461316775,78.575,75.0875,,
29.119799999999813,2000,,0.11842287740032295,1.7631934330776893,12.403161463140856,7.538585902564567,4243,93.50229815326577,71.34050458976277,76.29812956342941,0.024715180292272623,0.018857220281233336,78.575,75.0875,,
29.14443500000052,2000,,0.11851265407967722,1.7629581275034087,12.403406340987782,7.530503367755449,4243,93.40389322244778,71.39304132095718,76.43475968494135,0.02469369696099357,0.018874567929463106,78.575,75.0875,,
29.16577999999933,2000,,0.11857218345597496,1.7629967438939145,12.403271962164272,7.533852500821717,4243,93.44442149052318,71.42952541703757,76.44065239815488,0.02468162477071981,0.01886679499720282,78.575,75.0875,,
29.193634999999777,2000,,0.11859586793457506,1.7630214140603258,12.402744612551299,7.546471378804398,4243,93.59695723723883,71.44132510210146,76.3286833363826,0.02467789352368082,0.018836311201780004,78.575,75.0875,,
29.21643499999959,2000,,0.11869642997876112,1.7638254834390772,12.402780818168084,7.5446247921633995,4243,93.57432765251959,71.4996707443892,76.40949450355362,0.024669001480366815,0.018849459330222442,78.575,75.0875,,
29.246554999999702,2000,,0.11887716285073853,1.7654956543253986,12.402302794164102,7.555750404603149,4242,93.70870435501618,71.60469500002338,76.41199981673891,0.02465614376717647,0.01884025253018977,78.575,75.0875,,
29.26872000000067,2000,,0.11905291212694864,1.7675870777421618,12.402250013096271,7.555285404166755,4242,93.7025385027732,71.69905824622695,76.51773302182733,0.02465286324503681,0.018863812080073462,78.575,75.0875,,
29.32275,2000,,0.11945567536458439,1.771599179136344,12.402246639571423,7.551163483024809,4241,93.65139193219889,71.93021411455572,76.80634812842,0.024629416177114435,0.018916955130991907,78.575,75.0875,,
29.374679999999703,2000,,0.11974276498314144,1.7730438608158856,12.402092924092875,7.552570142306005,4242,93.66767672060843,72.11396593619368,76.98916900789044,0.024586691881357238,0.018929089765987405,78.575,75.0875,,
29.40500499999989,2000,,0.11980277466038126,1.7724763592998527,12.40182340891661,7.556769749022903,4242,93.71772396922513,72.15488838883141,76.99172081102344,0.024564882558590555,0.018912925797065834,78.575,75.0875,,
29.470384999999776,2000,,0.11971024290330225,1.7692696548402507,12.40207597220758,7.543618565196559,4242,93.55653055092327,72.10624472621616,77.07237998417266,0.024536982359268326,0.018911236280584696,78.575,75.0875,,
29.495264999999666,2000,,0.1195663136809951,1.7673694339426806,12.401841372403695,7.549078065016393,4243,93.62246867022553,72.02500146025143,76.93132052942471,0.02453827696092505,0.018877620501207226,78.575,75.0875,,
29.52081500000041,2000,,0.11943991602509745,1.765700672983019,12.401680669755596,7.552884500748045,4242,93.66846171382367,71.94216978051661,76.80511504535504,0.024543333602112267,0.018850535609067604,78.575,75.0875,,
29.54581499999948,2000,,0.11934428770398461,1.7641418941549911,12.401800070413001,7.5469038273295554,4243,93.59519241717582,71.89511019778583,76.81496062034083,0.024537717367728883,0.01884863793315147,78.575,75.0875,,
29.57918499999959,2000,,0.11925815166012503,1.7626279285235,12.401524414379976,7.550434394622201,4243,93.63689648408152,71.84026430474866,76.72217576856754,0.024535376443582908,0.01882407464052539,78.575,75.0875,,
29.629355000000448,2000,,0.11931774603279638,1.7623040155392549,12.401315997946051,7.5570470107821,4243,93.71732799204244,71.88097656423255,76.69977164771063,0.024516973749855318,0.018804462881068188,78.575,75.0875,,
29.70390499999933,2000,,0.1197248260688746,1.7637702804278532,12.40090609844606,7.560952240225436,4242,93.76265874587101,72.11022169324657,76.90718528864463,0.024459365662899323,0.0188110096707931,78.575,75.0875,,
29.726394999999552,2000,,0.11984155575772677,1.76428765057563,12.400855508861563,7.560072052626368,4242,93.75136116120204,72.18635697600294,76.99766284126919,0.024440735403258206,0.018818795041727468,78.575,75.0875,,
29.751324999999255,2000,,0.11999162273653957,1.765272933652139,12.400443031730687,7.570172089134107,4242,93.87348773170517,72.27089450078773,76.98754594837398,0.024425779504263615,0.018804808219093465,78.575,75.0875,,
29.799474999999628,2000,,0.12035871511104916,1.7679344616125028,12.400219806290446,7.574196490486878,4241,93.92170133807097,72.47989611819648,77.17055279621185,0.02439206671501634,0.01882349272239891,78.575,75.0875,,
29.82174499999918,2000,,0.12049311605041797,1.76884105157331,12.399967330396152,7.578756316463793,4241,93.97633072918451,72.5548979389776,77.20550204078734,0.024379347250422654,0.018822197438955694,78.575,75.0875,,
29.871884999999775,2000,,0.12064406552492865,1.770279050190701,12.399374793389574,7.591162483429774,4240,94.12566874956374,72.63549304495389,77.16863424175197,0.024372093806743773,0.018807611926782788,78.575,75.0875,,
29.895879999999888,2000,,0.12066113785357938,1.7709622415648978,12.399578388604969,7.585167177286492,4240,94.05287500543734,72.63702324541352,77.22998711226452,0.02438098592754103,0.018829432289682965,78.575,75.0875,,
29.924120000000112,2000,,0.12069039711021677,1.7716548767760245,12.399751332277535,7.578697919498805,4240,93.9739696242343,72.65144141681485,77.31017611293848,0.024385681030218116,0.018852612950801057,78.575,75.0875,,
29.945815000000408,2000,,0.120779939828239,1.77227715423484,12.399740066345169,7.5777679830211975,4240,93.96235327253557,72.71066184288102,77.38275948877683,0.024374377970379602,0.01886156628170425,78.575,75.0875,,
29.97175,2000,,0.12093842146605432,1.773714408670503,12.40025122738094,7.564358577841866,4239,93.79994673923314,72.79602058426369,77.6077419176356,0.024365540786908436,0.018909546010740134,78.575,75.0875,,
29.994304999999702,2000,,0.12108729525449487,1.7743797137231578,12.399970893420637,7.570689848243282,4239,93.8763337613318,72.88516061900009,77.63954736909625,0.024344869362345936,0.018901246380523175,78.575,75.0875,,
30.019150000000373,2000,,0.12127242137974137,1.7751175717784582,12.399606533707873,7.578022725812702,4239,93.96450010357393,72.98762295815887,77.67574230449483,0.02432080262150842,0.018891363970667704,78.575,75.0875,,
30.044040000000038,2000,,0.12135507877005552,1.7758409205351124,12.398849844354032,7.596136461218636,4239,94.18335537987268,73.03213185770802,77.54250372918361,0.024315885013394756,0.01885514604329563,78.575,75.0875,,
30.068424999999813,2000,,0.12144222120672347,1.776438188896562,12.39913348191323,7.587104952570948,4238,94.07352704821214,73.0751117997671,77.67872013804322,0.024309756702995882,0.018883507875559376,78.575,75.0875,,
30.09484499999974,2000,,0.12148394496823098,1.7768597401721344,12.398454922879324,7.601992437003526,4237,94.25296055425775,73.08575847364503,77.54213559326065,0.024311983309482598,0.018852031063249897,78.575,75.0875,,
30.12126999999955,2000,,0.1215561371824281,1.7775316343033287,12.39827446709425,7.604788820697002,4237,94.28625906329144,73.12474286416231,77.55609734720299,0.02430821039063754,0.018852499313925766,78.575,75.0875,,
30.147145000000485,2000,,0.12167253628094549,1.778168878436075,12.397838328604033,7.615356684584377,4236,94.41396099013112,73.18448102745874,77.51446953391624,0.024297075738897535,0.018833749371260283,78.575,75.0875,,
30.171974999999627,2000,,0.1217639930466284,1.7794247307150601,12.397078252161256,7.633823729505724,4236,94.63711013788794,73.23546613972098,77.38556897290673,0.024297308729082385,0.018802610605104138,78.575,75.0875,,
30.195049999999814,2000,,0.12179094150317284,1.7805983542778214,12.397623274759443,7.617823122249754,4236,94.4429012434042,73.24433818471785,77.55409588270476,0.02431038901310377,0.018853702404681018,78.575,75.0875,,
30.216195000000297,2000,,0.1217882386837843,1.7814187750111636,12.397133037290724,7.631039786567606,4236,94.60301544693722,73.24403569385727,77.4225169756241,0.024321690607779622,0.01883046503956695,78.575,75.0875,,
30.2469450000003,2000,,0.12184259805447739,1.783027746705323,12.397107201029458,7.629883536307684,4236,94.5884841309761,73.27972272091738,77.47213986371469,0.02433180258467825,0.01885036812976488,78.575,75.0875,,
30.270955000000075,2000,,0.12183669378425172,1.78449560006892,12.396404419213344,7.646772736416234,4236,94.79248734243032,73.27332544004865,77.2986631053942,0.024353959498248416,0.018825285105375192,78.575,75.0875,,
30.29498999999929,2000,,0.12180309410759567,1.7857576068641268,12.396696131011966,7.6373124349393064,4236,94.67744151354168,73.24945764597666,77.36738179125786,0.0243791239451206,0.018861489899985418,78.575,75.0875,,
30.31587999999989,2000,,0.12175858764466514,1.7865063795507596,12.396633282357225,7.638214739525673,4235,94.68814705779549,73.20737161936901,77.3141875663539,0.02440336731168874,0.018867265175865327,78.575,75.0875,,
30.34338500000071,2000,,0.12171019082720856,1.788272852637308,12.396284104596116,7.64428233041179,4234,94.76069554352863,73.16875286159595,77.2142420883621,0.024440389957444773,0.018871461869081143,78.575,75.0875,,
30.365580000000076,2000,,0.12173053330857599,1.789877630738035,12.396037208332238,7.648272070418141,4234,94.80826516435152,73.17976587896354,77.18711628369671,0.02445864111807111,0.018878919761217607,78.575,75.0875,,
30.39471999999974,2000,,0.12173339490260592,1.791313998266526,12.396444296787784,7.63427046817121,4235,94.6378086052964,73.19127395243062,77.33830171162107,0.024474420262595224,0.01892810098485602,78.575,75.0875,,
30.422860000000334,2000,,0.12179964254472717,1.7928013524515594,12.396604771267473,7.628904223366883,4234,94.57251049493247,73.22774157791956,77.43026085983344,0.024482543279637954,0.018956897126545285,78.4625,75.0875,,
30.473390000000595,2000,,0.12179931697725165,1.7942765706206465,12.395849141424685,7.646430511558386,4234,94.78399909166454,73.22257142397139,77.25203845129879,0.024504419002597904,0.0189301631901543,78.4625,75.0875,,
30.525580000000076,2000,,0.12181050289521263,1.7957314257416852,12.395697683251816,7.648121219132354,4235,94.80379847722797,73.24838251938084,77.26313048202938,0.02451564613411841,0.018941555661116497,78.4625,75.0875,,
30.54835500000045,2000,,0.12176789301734424,1.7956992769860787,12.395630920628934,7.649109555306065,4235,94.81553891903009,73.2115585972189,77.21472601631216,0.024527537883263863,0.018938871175109357,78.4625,75.0875,,
30.578665000000036,2000,,0.12182650261127931,1.795989134657767,12.39496160115177,7.662996500220153,4235,94.9825473699892,73.25112134346493,77.1206114931062,0.024518247662538965,0.018908622524744262,78.4625,75.0875,,
30.60128500000015,2000,,0.12186211485721415,1.7957306487692901,12.39540656039132,7.649791367800017,4235,94.82227410605321,73.2822882333558,77.28383328097975,0.02450429281153273,0.01893785680314806,78.4625,75.0875,,
30.622639999999663,2000,,0.12185635466295672,1.7954527064117245,12.395326267344966,7.652102895864988,4235,94.85031202554177,73.26686962398571,77.24473231490904,0.024505656043805356,0.018929328413049774,78.4625,75.0875,,
30.64731500000041,2000,,0.12180475378301475,1.79517442789943,12.39568962468912,7.64130090285775,4236,94.71919432068142,73.2511220323818,77.33503495013134,0.024507125325750573,0.0189525939359417,78.4625,75.0875,,
30.67091000000015,2000,,0.12177598325399987,1.7951253539094534,12.395562802394902,7.644094291014096,4236,94.75285085169357,73.23279700841456,77.28822547306568,0.02451258762796115,0.018945343995181416,78.4625,75.0875,,
30.693179999999703,2000,,0.12179593916652667,1.7951232581430892,12.395314340843248,7.6479763288398726,4236,94.79907066729857,73.25209788873369,77.27090294567876,0.0245061003013155,0.018936084979600188,78.4625,75.0875,,
30.715830000000075,2000,,0.12178653816222479,1.7952250889319654,12.395166763944847,7.649603859306247,4236,94.81811551421703,73.25400890665881,77.25739802925645,0.024506851102435417,0.018933355500645753,78.4625,75.0875,,
30.74434500000067,2000,,0.12180221861180282,1.795237227418865,12.395258020151838,7.646378895423369,4236,94.77883932861626,73.26019249983013,77.29593759406897,0.024504948269457903,0.018941329521819067,78.4625,75.0875,,
30.766884999999778,2000,,0.12176281473234965,1.794423681840924,12.39575102636814,7.632086706153129,4237,94.6054466211283,73.2567538356197,77.43397071946092,0.024494993128789437,0.018967445807080777,78.4625,75.0875,,
30.792724999999628,2000,,0.12169747943945808,1.7931784741713421,12.396426751338595,7.613283586431609,4238,94.37751231636784,73.22317704327124,77.5854069959123,0.024489219760454577,0.019000060821272063,78.4625,75.0875,,
30.817540000000037,2000,,0.12154706325455288,1.7914736753074452,12.396747101366117,7.606351844126922,4238,94.29402017565124,73.1385809617653,77.56438937010267,0.024494236171248317,0.018998804717099575,78.4625,75.0875,,
30.84260000000056,2000,,0.1213841413584253,1.7888096800453612,12.39665646950991,7.607356315362133,4239,94.30578288270105,73.05713896670427,77.46835531557363,0.024485077096443778,0.01896818652436521,78.4625,75.0875,,
30.867435000000523,2000,,0.12120618018258295,1.7858604033040095,12.396412524763402,7.612118310536218,4239,94.362958764712,72.95728430044178,77.31559634788063,0.02447816445510425,0.018925438823478795,78.4625,75.0875,,
30.894370000000112,2000,,0.12101501343128844,1.7824678181490097,12.396908237854344,7.59839161886114,4240,94.19656365430306,72.85860295166324,77.34741069647814,0.024464754276602812,0.018922853966208176,78.4625,75.0875,,
30.916354999999516,2000,,0.12079613122837783,1.7788852719774735,12.39722480247597,7.590472431402661,4241,94.10079308909515,72.74001949600367,77.30011311077158,0.0244553862413414,0.018904041226232973,78.4625,75.0875,,
30.942830000000075,2000,,0.12058847346539704,1.7759222163010748,12.39733530450457,7.587210473474037,4241,94.06119226550652,72.6141197880862,77.19880860442245,0.02445698194075542,0.01888049867886194,78.4625,75.0875,,
30.96675,2000,,0.12040035643586139,1.77398031800282,12.397382774229987,7.58573168129928,4242,94.04321927567037,72.51958490972311,77.113039587836,0.0244620859345952,0.01886345801075486,78.4625,75.0875,,
30.992859999999403,2000,,0.1201938206580165,1.7719938805335929,12.397836808413736,7.573725743041529,4243,93.89781579391094,72.40500160211168,77.11042156830126,0.024473362907596604,0.01887151330998801,78.4625,75.0875,,
31.017519999999553,2000,,0.1199919251823403,1.7701703722333568,12.397948715236643,7.570406546817663,4243,93.85751212093712,72.28426687303735,77.01489762470771,0.02448901329168278,0.018860188515890556,78.4625,75.0875,,
31.043044999999925,2000,,0.11981136864250837,1.7683044687526763,12.398322520785724,7.559870448350558,4242,93.72971203400719,72.16554953543557,76.99324789267712,0.02450344354246735,0.01886599702889407,78.4625,75.0875,,
31.068604999999515,2000,,0.11970742738023231,1.7665751001652812,12.398421528277822,7.55633394286559,4242,93.68661343208116,72.0999764077832,76.95867506199554,0.024501743109788022,0.018856216864386648,78.4625,75.0875,,
31.093320000000297,2000,,0.11955259388076914,1.764752784153739,12.398125270247682,7.563157554204298,4242,93.76897479564497,72.00607377829091,76.79093637870848,0.02450838785610602,0.018820220526029486,78.4625,75.0875,,
31.118125,2000,,0.11940756407928177,1.7631796514642417,12.39846890686152,7.554190089630699,4242,93.66039094280765,71.92489218601308,76.79328632093045,0.024514178580960312,0.018825243346901055,78.4625,75.0875,,
31.143625,2000,,0.11919599898586108,1.7615624831063297,12.398442114795062,7.554803676864796,4243,93.66779607624906,71.8003481893396,76.65425172477791,0.024534177445226846,0.018806490137467873,78.4625,75.0875,,
31.167485000000337,2000,,0.11901530112762572,1.7606670208217146,12.398569988731063,7.549716427205925,4242,93.60568751778528,71.6879943529667,76.58508393450539,0.024560137812655265,0.018809402158252234,78.4625,75.0875,,
31.192930000000633,2000,,0.11888573643991078,1.7601284139685163,12.398347965600072,7.554287192948515,4242,93.66068125025191,71.60573224128989,76.45228636546703,0.02458083115521269,0.01879260742579514,78.4625,75.0875,,
31.218360000000335,2000,,0.1187538858807115,1.7593164219826007,12.397958191589897,7.562481792029466,4242,93.75933308224116,71.52514754730127,76.28589623665825,0.02459717291487058,0.018764173806989574,78.4625,75.0875,,
31.243265000000598,2000,,0.11873066552288639,1.758394183535975,12.39819627406109,7.556362633275309,4242,93.68526704532839,71.51090933744435,76.33100869835246,0.024589173873296694,0.018769164448079113,78.4625,75.0875,,
31.266570000000296,2000,,0.11874304461245336,1.757382064629066,12.39799048112178,7.561160702005028,4243,93.74319840969042,71.52981824659823,76.30400867483527,0.024568524116341407,0.018746768773012144,78.4625,75.0875,,
31.31680999999959,2000,,0.11874492640865808,1.7562442692882438,12.398827586574203,7.536485833148913,4243,93.44358845387241,71.5359894461269,76.55526786777887,0.024550499446308143,0.018794700613998766,78.4625,75.0875,,
31.342775000000373,2000,,0.11868942810290566,1.7555198515866988,12.398988924846066,7.530129456006997,4243,93.36599172768788,71.5050871211262,76.5857951037232,0.024550978430568613,0.01880256203679456,78.4625,75.0875,,
31.368820000000298,2000,,0.11859002823765404,1.7551284404364051,12.39925552765773,7.521195173545364,4244,93.25722083017499,71.4502741197713,76.6163450762542,0.024564334595754005,0.018820295359568584,78.4625,75.0875,,
31.412864999999293,2000,,0.11843429380869555,1.7548805660887619,12.39977780082585,7.505284739524172,4244,93.06386310202886,71.35665568401032,76.6749340780962,0.024593088749281133,0.018856734586279,78.4625,75.0875,,
31.437700000000188,2000,,0.11826600907712309,1.7544884278154886,12.399538128539461,7.511439558074518,4243,93.1383812005646,71.2519582689013,76.50117744205477,0.024623722216786485,0.018837437425902492,78.4625,75.0875,,
31.464040000000036,2000,,0.11810967316650031,1.7545289618780242,12.399449819811146,7.5133280893657615,4243,93.1611346238683,71.15711547840402,76.38068789704634,0.02465711194280379,0.0188332717174583,78.4625,75.0875,,
31.49386999999918,2000,,0.11790713736668151,1.7553257991902769,12.39885193038081,7.527713296680427,4243,93.3350025398994,71.03495809690655,76.10752254122465,0.02471073181736301,0.018806725788001126,78.4625,75.0875,,
31.522290000000037,2000,,0.11786265644724075,1.7570351680746206,12.39896636723326,7.523792344755221,4243,93.28724823666705,71.00398301069987,76.11327845212543,0.024745586001983105,0.018834676778299572,78.4625,75.0875,,
31.544729999999515,2000,,0.11787609142075017,1.7591153094246317,12.398422664684693,7.537389159511846,4243,93.45173658784037,71.00770993335867,75.98329632602885,0.02477358178535227,0.018823784058535322,78.4625,75.0875,,
31.570964999999852,2000,,0.11794236114470429,1.7607018957231741,12.398800450256427,7.5269632312510595,4243,93.32531510069921,71.0464961999267,76.12778603883267,0.024782388856566733,0.01886628396403863,78.4625,75.0875,,
31.594819999999366,2000,,0.11796590506619795,1.761648533754221,12.398795341648677,7.524862835349151,4243,93.29923426947231,71.06764849568397,76.17173822715654,0.024788332962236797,0.018881704094870968,78.4625,75.0875,,
31.621900000000373,2000,,0.11789604039670952,1.7617923328949854,12.399252005367694,7.512027381712238,4243,93.1435205770725,71.02336908933252,76.25154025669832,0.024805811882551217,0.018914813633624395,78.4625,75.0875,,
31.645325000000188,2000,,0.11781346233801629,1.761805644317442,12.399066611939357,7.516399159337527,4243,93.19633385855099,70.97606055456743,76.15756716599127,0.024822533549364017,0.018904237660157613,78.4625,75.0875,,
31.67340999999922,2000,,0.11776472527193198,1.7613891068054304,12.399102945731936,7.514468883333765,4244,93.17267326695466,70.96075841652114,76.16048346408093,0.0248220163666591,0.018904567670380863,78.4625,75.0875,,
31.699520000000483,2000,,0.11765090523818014,1.7610847076603287,12.399247470939468,7.511243963632816,4243,93.13377271968353,70.88408218932604,76.10996539641404,0.024844572339338532,0.018909195410357613,78.4625,75.0875,,
31.726394999999552,2000,,0.11758029248311219,1.7616403029482197,12.399208717529477,7.511452527190336,4243,93.13606765644724,70.83466844792729,76.0550345642855,0.024869747279797814,0.018914694889700684,78.4625,75.0875,,
31.747915000000038,2000,,0.11754903922996093,1.762489989280683,12.399045336494604,7.514807610863339,4243,93.17644026212923,70.81142656998595,75.99713658385664,0.024889909364256894,0.01891561841515244,78.4625,75.0875,,
31.795365000000224,2000,,0.11743695854359297,1.7638393784693533,12.39878841250183,7.522137020606934,4243,93.2653853283523,70.75525287046838,75.86442989686451,0.024928741074509528,0.01891204729664215,78.4625,75.0875,,
31.81802499999944,2000,,0.11733416625472755,1.7643749750288975,12.398744679434797,7.5226444155568934,4243,93.27134742266593,70.68752373723096,75.7869653334215,0.024960203466564572,0.018916580748356764,78.4625,75.0875,,
31.844580000000075,2000,,0.11726800118530684,1.7649004521619178,12.3983201921949,7.532265343148001,4243,93.3874374969217,70.63982507344905,75.64167833149669,0.024984496356365977,0.018898692366626866,78.4625,75.0875,,
31.868424999999814,2000,,0.11717277688145857,1.7643917903472015,12.398197757997014,7.534301360989584,4243,93.41175824189492,70.58836253986485,75.56689207912389,0.02499550530515224,0.018888326518576082,78.4625,75.0875,,
31.892665000000036,2000,,0.11711311536076557,1.7634514892302302,12.398276081613629,7.531974225600323,4242,93.38349588859082,70.53489241375301,75.53250362130709,0.02500112254919084,0.018883973794834995,78.4625,75.0875,,
31.917705000000076,2000,,0.11709542699367115,1.7629131297295149,12.397956375426837,7.539638397550707,4242,93.47610793932677,70.52042003120287,75.4421868708698,0.024998619250275113,0.018859505049929785,78.4625,75.0875,,
31.942610000000336,2000,,0.11711050538475551,1.7631342804715722,12.398043172562712,7.5350885332661415,4241,93.42035294451587,70.51484742668052,75.48124707745498,0.02500373105543244,0.018873128016533305,78.4625,75.0875,,undefined,0,
31.967044999999924,2000,,0.11716383640765494,1.7637125893536882,12.397490862306007,7.5478389610374235,4240,93.57426454961873,70.53409563141156,75.37766497113115,0.025005106729804567,0.018848265576465857,78.4625,75.0875,,
32.01872500000056,1000,,0.11737249610743783,1.7662297817766794,12.397133938658438,7.554365327174646,4239,93.65247878254137,70.63763125876059,75.42526602288802,0.025004091308025406,0.018859402385683982,78.4625,75.0875,,
32.04360000000056,1000,,0.11750704987589825,1.7674442703821704,12.39707558230349,7.554600780624181,4238,93.65495687152692,70.7107627772809,75.50135640367634,0.024995406653285934,0.018871871061845638,78.4625,75.0875,,
32.064660000000146,1000,,0.1155310635357697,1.7679609369751614,12.434354473342177,6.61325266361401,4228,82.23152784115094,69.35458092878818,84.3406206227403,0.025491624537252504,0.021499794341537516,78.4625,75.0875,,
32.0930549999997,1000,,0.11057000653832832,1.7657870791964967,12.478463843241498,5.527787304937682,4146,68.97829401779423,65.08699697333368,94.35866441774175,0.027129644342324538,0.025599170062700873,78.4625,75.0875,,
32.11536000000034,1000,,0.10208360381540572,1.755331347385528,12.508469481512998,4.800523470398647,3999,60.047201324768345,57.96815306455866,96.5376433633184,0.030280960399594405,0.02923252555754812,78.4625,75.0875,,
32.142895000000486,1000,,0.08893620042456557,1.7302528847499836,12.540606584477159,4.02857455274667,3887,50.52076856223201,49.08132821020882,97.15079482559717,0.03525277224242058,0.03424834843156909,78.4625,75.0875,,
32.17208999999985,1000,,0.07507573526479534,1.6935504557968135,12.568239487044014,3.371519698621566,3751,42.3740670075623,39.98351032504405,94.35844408776806,0.042356222403415196,0.03996667243421722,78.4625,75.0875,,
32.19943499999959,1000,,0.06214613617880802,1.6458634573152964,12.591628360008013,2.824889599443126,3640,35.56995999423974,32.120364941257506,90.30194283732435,0.05124049681021032,0.04627116413911712,78.4625,75.0875,,
32.22387999999989,1000,,0.051762386105903925,1.6002620226989563,12.609812235581838,2.4050335257636055,3500,30.32702118015844,25.719460740669362,84.80707876939924,0.06221989017711064,0.05276687127273593,78.4625,75.0875,,
32.24918999999948,1000,,0.04235397385008783,1.5478689086154767,12.625587028956154,2.0440229781280914,3369,25.80698999954236,20.260031928218645,78.50598589210877,0.07640012188033962,0.05997866890493333,78.4625,75.0875,,
32.27309499999974,1000,,0.03454542595497047,1.4928405543286898,12.63848171965697,1.7535445404970746,3287,22.162140619676556,16.121157649915972,72.74187961610023,0.09260132471544132,0.0673599441474204,78.4625,75.0875,,
32.29620999999996,1000,,0.027982335537581,1.4394477027550299,12.649365453978605,1.5126527628998863,3195,19.13409760289111,12.69247399043577,66.33432239061001,0.11340954520290566,0.07522945333662003,78.4625,75.0875,,
32.32236000000034,1000,,0.02182849983423442,1.3796268675760477,12.659655532818904,1.2867793231005358,3121,16.290182977206662,9.674121003385949,59.386202211000615,0.14261004871586547,0.08469069190361038,78.4625,75.0875,,
32.3484450000003,1000,,0.016128959297817463,1.314952437703876,12.669381137574138,1.074590675172548,3043,13.614398830644138,6.969549998013435,51.19249174870606,0.18867106744032014,0.09658542063158154,78.4625,75.0875,,
32.37139500000048,1000,,0.012076786132787582,1.2627815443392447,12.67643074319175,0.9270488229349646,2947,11.75167019949251,5.052685642150411,42.99546835792421,0,0.10745549550852587,78.4625,75.0875,,
32.395205000000075,1000,,0.008474758686952855,1.2060102485362971,12.682938816942851,0.790637412838956,2877,10.027605933422466,3.461780725390176,34.5225046573869,0,0.12026901102252234,78.4625,75.0875,,
32.418860000000336,1000,,0.0054688034361754295,1.1538297885689899,12.688577076921307,0.6740289228388108,2808,8.552467939514495,2.1804272474091286,25.494714073525156,0,0.1349119104250615,78.4625,75.0875,,
32.44330999999959,1000,,0.0028412217096704293,1.0990706850394387,12.693688580042902,0.5707853366049892,2748,7.2453713089186955,1.1084675001661137,15.298974378326818,0,0.15169280333314827,78.4625,75.0875,,
32.46524000000022,1000,,0.0008270976042046593,1.0520381190025265,12.697755608067702,0.4901819672881219,2671,6.224210824106409,0.31366007431653303,5.039354918726813,0,0.16902353547022797,78.4625,75.0875,,
